dst_bin dst_mean loc mlat norm_mlt scale shape
"(-10, 10]" -3 0.095343244969 58.0 1.0 0.176185163944 229.076392782
"(-25, -10]" -17 0.104584514686 58.0 1.0 0.2100782689 25.834132761
"(-50, -25]" -36 0.114594772126 58.0 1.0 0.196608843738 17.2296884416
"(-10, 10]" -3 0.144204822713 61.0 1.0 0.182897622029 11.4689253749
"(-25, -10]" -17 0.13371844703 61.0 1.0 0.152868451447 9.31891890349
"(-10, 10]" -3 0.13757063755 60.5 1.0 0.167792255573 14.450765952
"(-25, -10]" -17 0.127243894188 60.5 1.0 0.166498337875 13.9539813014
"(-10, 10]" -3 0.138628879751 62.5 1.0 0.202513265524 17.3744536561
"(-10, 10]" -3 0.131199050575 60.0 1.0 0.148163046357 11.1334698934
"(-25, -10]" -17 0.124921447196 60.0 1.0 0.158718762776 10.9825314013
"(-10, 10]" -3 0.136126848612 61.5 1.0 0.222732582177 23.2856035013
"(-25, -10]" -17 0.136340205774 61.5 1.0 0.168631482953 11.1279386107
"(-10, 10]" -3 0.123829512469 59.5 1.0 0.156551346492 9.04115622054
"(-25, -10]" -17 0.114649193736 59.5 1.0 0.175085794527 22.2222870782
"(-50, -25]" -36 0.128381197419 59.5 1.0 0.162008596203 8.47151429746
"(-10, 10]" -3 0.139303732848 62.0 1.0 0.218828398592 15.7837927969
"(-25, -10]" -17 0.13840566321 62.0 1.0 0.167257800678 11.9403944065
"(-10, 10]" -3 0.0954566349071 56.5 1.0 0.15436811567 50.8884494617
"(-25, -10]" -17 0.095797355193 56.5 1.0 0.165265004321 34.0499017759
"(-50, -25]" -36 0.109743781843 56.5 1.0 0.199893976284 19.3330449682
"(-10, 10]" -3 0.106442168984 58.5 1.0 0.179741337745 14.3515369716
"(-25, -10]" -17 0.106401449816 58.5 1.0 0.204513544696 55.3252248426
"(-50, -25]" -36 0.117667202761 58.5 1.0 0.200615032343 13.7863205109
"(-10, 10]" -3 0.0934134728501 57.0 1.0 0.148147167043 19.8956849652
"(-25, -10]" -17 0.0948929821896 57.0 1.0 0.213615666326 45.297456456
"(-50, -25]" -36 0.114790192774 57.0 1.0 0.195014283071 13.9176187842
"(-10, 10]" -3 0.0989745043531 57.5 1.0 0.169124987489 18.0025140331
"(-25, -10]" -17 0.0966993564798 57.5 1.0 0.226809538914 76.7023354553
"(-50, -25]" -36 0.116254158074 57.5 1.0 0.1870983244 11.0971868351
"(-10, 10]" -3 0.113302393661 59.0 1.0 0.175037440449 10.3616323349
"(-25, -10]" -17 0.111555177731 59.0 1.0 0.185314949243 32.6388139426
"(-50, -25]" -36 0.117757377447 59.0 1.0 0.18781477374 9.81714331412
"(-10, 10]" -3 0.142176463494 63.5 1.0 0.218630519716 57.1423357559
"(-50, -25]" -36 0.102703996266 56.0 1.0 0.197283966598 25.0804087835
"(-50, -25]" -36 0.0954672667108 55.5 1.0 0.188029813037 37.5919005267
"(-25, -10]" -17 0.112602724809 58.0 -3.0 0.178491475802 15.7648418854
"(-50, -25]" -36 0.108054804658 58.0 -3.0 0.230152632552 35.2364457468
"(-75, -50]" -57 0.154404119592 58.0 -3.0 0.233513774267 5.35384847079
"(-150, -75]" -98 0.255104947282 58.0 -3.0 0.143440994257 2.65205431055
"(-10, 10]" -3 0.135775441574 61.0 -3.0 0.198778051214 17.0533694391
"(-25, -10]" -17 0.153838724026 61.0 -3.0 0.230556126699 6.56227702413
"(-50, -25]" -36 0.158406568903 61.0 -3.0 0.229839215201 10.8035941043
"(-10, 10]" -3 0.120342819579 60.5 -3.0 0.190294711969 91.0246148189
"(-25, -10]" -17 0.156422229887 60.5 -3.0 0.207725234335 6.39627658862
"(-50, -25]" -36 0.156312445206 60.5 -3.0 0.224760334434 9.6075796442
"(-75, -50]" -57 0.119255593594 60.5 -3.0 0.261864883909 33.07181522
"(-10, 10]" -3 0.186966652012 62.5 -3.0 0.23438949568 5.05262569361
"(-25, -10]" -17 0.173193630127 62.5 -3.0 0.267472499667 7.73853939333
"(-50, -25]" -36 0.192851450833 62.5 -3.0 0.217885630805 5.58315187148
"(-10, 10]" -3 0.119756141718 60.0 -3.0 0.168469871392 54.2325983162
"(-25, -10]" -17 0.149314826141 60.0 -3.0 0.187808500165 6.97995360753
"(-50, -25]" -36 0.145070721071 60.0 -3.0 0.230088784987 11.8676256971
"(-75, -50]" -57 0.172787397538 60.0 -3.0 0.233818414454 3.75740235691
"(-25, -10]" -17 0.25127816872 64.0 -3.0 0.190434277845 2.23676596045
"(-10, 10]" -3 0.240859422266 63.0 -3.0 0.229490071643 4.24952797883
"(-25, -10]" -17 0.188538947343 63.0 -3.0 0.233105349756 5.84977732934
"(-50, -25]" -36 0.200675615508 63.0 -3.0 0.19605067063 4.66968480932
"(-10, 10]" -3 0.14589109191 61.5 -3.0 0.202345167651 13.0636782552
"(-25, -10]" -17 0.152986026613 61.5 -3.0 0.255859393505 7.92689392766
"(-50, -25]" -36 0.162232335728 61.5 -3.0 0.229578920881 11.5729242385
"(-75, -50]" -57 0.13752780926 61.5 -3.0 0.230892950113 13.2180433367
"(-10, 10]" -3 0.127538451872 59.5 -3.0 0.109165914002 6.92420317059
"(-25, -10]" -17 0.137005159627 59.5 -3.0 0.186751499571 11.0519363456
"(-50, -25]" -36 0.130511935895 59.5 -3.0 0.238041567047 18.6876575282
"(-150, -75]" -98 0.224948922879 59.5 -3.0 0.130933757994 2.01222033222
"(-10, 10]" -3 0.157342217302 62.0 -3.0 0.214898073354 8.09343974027
"(-25, -10]" -17 0.165316334108 62.0 -3.0 0.257670403117 7.56140033769
"(-50, -25]" -36 0.177411708282 62.0 -3.0 0.219722703253 7.42503493426
"(-25, -10]" -17 0.103044405168 56.5 -3.0 0.152392823534 26.0879695602
"(-50, -25]" -36 0.100542938958 56.5 -3.0 0.176972445714 36.7515964749
"(-75, -50]" -57 0.116783994796 56.5 -3.0 0.23006775899 11.04649347
"(-150, -75]" -98 0.245582360946 56.5 -3.0 0.26350839415 2.9379287584
"(-25, -10]" -17 0.120776217461 58.5 -3.0 0.176764148089 12.3661868291
"(-50, -25]" -36 0.111750140491 58.5 -3.0 0.250172272899 32.1532832577
"(-75, -50]" -57 0.155086341771 58.5 -3.0 0.246214492017 5.27633967696
"(-150, -75]" -98 0.247903788215 58.5 -3.0 0.129072043331 1.99754036727
"(-25, -10]" -17 0.105146287377 57.0 -3.0 0.180310217502 15.6805808579
"(-50, -25]" -36 0.101470204947 57.0 -3.0 0.199265234974 29.6835721572
"(-75, -50]" -57 0.121020403907 57.0 -3.0 0.233711698237 10.3433277487
"(-150, -75]" -98 0.247184292877 57.0 -3.0 0.237969615423 5.04277716435
"(-25, -10]" -17 0.107598994565 57.5 -3.0 0.187409051936 15.5032676851
"(-50, -25]" -36 0.103566392157 57.5 -3.0 0.21411769281 62.2785756973
"(-75, -50]" -57 0.139435914407 57.5 -3.0 0.219411636132 6.46541459217
"(-25, -10]" -17 0.123881205971 59.0 -3.0 0.19579915603 13.8074004622
"(-50, -25]" -36 0.118073541788 59.0 -3.0 0.246841965509 25.6943665133
"(-75, -50]" -57 0.165797382855 59.0 -3.0 0.248350079269 4.70470315417
"(-150, -75]" -98 0.224121891093 59.0 -3.0 0.143014746624 2.96701865195
"(-10, 10]" -3 0.254245374294 63.5 -3.0 0.267117071627 4.57063189243
"(-50, -25]" -36 0.203591938602 63.5 -3.0 0.183337627297 3.9670665239
"(-50, -25]" -36 0.0986088457939 56.0 -3.0 0.150511855542 21.4008026303
"(-75, -50]" -57 0.111639684244 56.0 -3.0 0.225971781471 12.5676986074
"(-150, -75]" -98 0.181325720838 56.0 -3.0 0.303572460483 8.51366566904
"(-50, -25]" -36 0.0925351851582 55.5 -3.0 0.126379603263 63.5770908757
"(-75, -50]" -57 0.103702463183 55.5 -3.0 0.215189817805 29.3748061982
"(-150, -75]" -98 0.162290001771 55.5 -3.0 0.296593742003 13.0437386527
"(-50, -25]" -36 0.0918933359828 55.0 -3.0 0.105393725429 62.6380109801
"(-75, -50]" -57 0.0933001360243 55.0 -3.0 0.203669853239 66.4194769191
"(-150, -75]" -98 0.154969702522 55.0 -3.0 0.291017763232 14.2883428417
"(-150, -75]" -98 0.119164456373 53.0 -3.0 0.174741886807 11.1085582864
"(-75, -50]" -57 0.0936167040856 54.5 -3.0 0.16565530446 112.066266043
"(-150, -75]" -98 0.152727107329 54.5 -3.0 0.255343077928 14.5288860086
"(-150, -75]" -98 0.116035926158 53.5 -3.0 0.211361050674 18.8495481826
"(-150, -75]" -98 0.133711682947 54.0 -3.0 0.232573071912 15.0029311345
"(-150, -75]" -98 0.144370169782 52.5 -3.0 0.142738699587 3.22387182463
"(-10, 10]" -3 0.112996289018 58.0 -1.0 0.0872203399472 15.2044839811
"(-25, -10]" -17 0.104144653741 58.0 -1.0 0.115640242507 21.0003442516
"(-50, -25]" -36 0.104532985782 58.0 -1.0 0.216169048805 34.5137604812
"(-75, -50]" -57 0.179493263997 58.0 -1.0 0.2449565336 9.74399342416
"(-10, 10]" -3 0.135896441656 61.0 -1.0 0.192186308011 17.1056280481
"(-25, -10]" -17 0.141647930866 61.0 -1.0 0.19867998652 9.05644581388
"(-50, -25]" -36 0.146320650012 61.0 -1.0 0.192283302909 9.86756746802
"(-10, 10]" -3 0.129587515224 60.5 -1.0 0.172712757981 15.5145052027
"(-25, -10]" -17 0.134206664283 60.5 -1.0 0.195611702227 9.98376886928
"(-50, -25]" -36 0.143766827467 60.5 -1.0 0.183881741692 9.0818559837
"(-10, 10]" -3 0.182027701227 62.5 -1.0 0.192130872138 4.44561716481
"(-25, -10]" -17 0.167458393157 62.5 -1.0 0.167664803499 7.09698643649
"(-25, -10]" -17 0.125280413738 60.0 -1.0 0.191944152636 14.3353563532
"(-50, -25]" -36 0.137637041504 60.0 -1.0 0.187499484291 9.26577153388
"(-10, 10]" -3 0.165660955738 64.0 -1.0 0.258090910733 102.682819266
"(-10, 10]" -3 0.180659513959 63.0 -1.0 0.209552901165 6.77582113192
"(-25, -10]" -17 0.173350953777 63.0 -1.0 0.171831143512 5.89101412067
"(-10, 10]" -3 0.14175586603 61.5 -1.0 0.209965979385 13.3001319411
"(-25, -10]" -17 0.152906539678 61.5 -1.0 0.194437344248 7.00568159731
"(-50, -25]" -36 0.161057351387 61.5 -1.0 0.186464140926 6.90478018356
"(-10, 10]" -3 0.120155210323 59.5 -1.0 0.144237422823 14.1402985494
"(-25, -10]" -17 0.118715652866 59.5 -1.0 0.187647161048 24.9989684222
"(-50, -25]" -36 0.119594236024 59.5 -1.0 0.212926383052 20.4117542728
"(-10, 10]" -3 0.167198023934 62.0 -1.0 0.212402101102 6.96872353205
"(-25, -10]" -17 0.161906352241 62.0 -1.0 0.173283648452 5.86722469166
"(-50, -25]" -36 0.157598473321 62.0 -1.0 0.202897328832 11.0350465802
"(-25, -10]" -17 0.0945995394455 56.5 -1.0 0.113256018393 109.007193609
"(-50, -25]" -36 0.0953735759717 56.5 -1.0 0.209096884204 60.2207925312
"(-75, -50]" -57 0.133315046527 56.5 -1.0 0.18671300837 11.2256755471
"(-10, 10]" -3 0.116759725478 58.5 -1.0 0.0916133321414 9.98195765348
"(-25, -10]" -17 0.106168434415 58.5 -1.0 0.142934542718 17.0911359998
"(-50, -25]" -36 0.107844500063 58.5 -1.0 0.221012581292 27.4274032802
"(-75, -50]" -57 0.167002222906 58.5 -1.0 0.223047194308 6.56138129808
"(-25, -10]" -17 0.0962400493811 57.0 -1.0 0.130939467097 18.715973953
"(-50, -25]" -36 0.0984122956425 57.0 -1.0 0.229493318589 25.7365479166
"(-75, -50]" -57 0.143132034548 57.0 -1.0 0.217021873167 11.6100865242
"(-25, -10]" -17 0.100291815186 57.5 -1.0 0.11653300023 37.5976040196
"(-50, -25]" -36 0.0991912626582 57.5 -1.0 0.225756385202 42.6692114448
"(-75, -50]" -57 0.160086494488 57.5 -1.0 0.235321327666 8.78147895967
"(-10, 10]" -3 0.120364033151 59.0 -1.0 0.115907096827 22.6965893319
"(-25, -10]" -17 0.112954644163 59.0 -1.0 0.175201764083 19.7757207352
"(-50, -25]" -36 0.110177500545 59.0 -1.0 0.225871331804 28.5394876859
"(-10, 10]" -3 0.203749454923 63.5 -1.0 0.2126625907 4.47012833496
"(-25, -10]" -17 0.1873378373 63.5 -1.0 0.159121232407 6.33334523953
"(-50, -25]" -36 0.0905957886292 56.0 -1.0 0.17381045731 48.8662516589
"(-75, -50]" -57 0.125332245976 56.0 -1.0 0.22123130988 18.3768744087
"(-150, -75]" -98 0.143666763599 56.0 -1.0 0.161765830686 6.79648570764
"(-75, -50]" -57 0.118061753181 55.5 -1.0 0.243805717948 26.8008788272
"(-150, -75]" -98 0.136471249897 55.5 -1.0 0.218346501081 15.1285966688
"(-75, -50]" -57 0.114335320329 55.0 -1.0 0.236858804741 76.9196477794
"(-150, -75]" -98 0.131137709205 55.0 -1.0 0.239831708443 20.8706771019
"(-150, -75]" -98 0.124076699205 54.5 -1.0 0.222529892079 14.4820384323
"(-75, -50]" -57 0.0940958121687 53.5 -1.0 0.185274597125 21.7807604861
"(-150, -75]" -98 0.114515962473 53.5 -1.0 0.16712644888 10.4296927179
"(-75, -50]" -57 0.090430763621 54.0 -1.0 0.250561456095 54.0706766608
"(-150, -75]" -98 0.116918358926 54.0 -1.0 0.213158266884 18.9370820561
"(-25, -10]" -17 0.117815380319 58.0 -4.0 0.212019007554 12.8851444759
"(-50, -25]" -36 0.121716551883 58.0 -4.0 0.243900190705 16.8917848619
"(-75, -50]" -57 0.16396422227 58.0 -4.0 0.267756184722 7.74530078209
"(-150, -75]" -98 0.250917126322 58.0 -4.0 0.249200001691 6.2962598196
"(-10, 10]" -3 0.129351895666 61.0 -4.0 0.193597816401 7.95223503048
"(-25, -10]" -17 0.186145812297 61.0 -4.0 0.207470448731 3.7615111544
"(-50, -25]" -36 0.188703148319 61.0 -4.0 0.233346690675 7.18958498746
"(-75, -50]" -57 0.234307215493 61.0 -4.0 0.188048748344 2.16936090825
"(-25, -10]" -17 0.174456225169 60.5 -4.0 0.199008951979 5.46713135724
"(-50, -25]" -36 0.177913579591 60.5 -4.0 0.236724653528 7.96771292891
"(-75, -50]" -57 0.214888345392 60.5 -4.0 0.206482429395 2.97391828837
"(-10, 10]" -3 0.164620137535 62.5 -4.0 0.189402672599 6.73248078338
"(-25, -10]" -17 0.176823658569 62.5 -4.0 0.269706682352 7.512760037
"(-50, -25]" -36 0.211971612637 62.5 -4.0 0.229579001285 4.27141926911
"(-25, -10]" -17 0.1524921746 60.0 -4.0 0.202653750225 7.59534271268
"(-50, -25]" -36 0.153662876525 60.0 -4.0 0.256020260078 12.0174872262
"(-75, -50]" -57 0.207695222558 60.0 -4.0 0.233542507208 3.61269945637
"(-150, -75]" -98 0.226422352756 60.0 -4.0 0.226181145847 6.72315170625
"(-25, -10]" -17 0.211476019892 63.0 -4.0 0.239226772766 4.49651361243
"(-50, -25]" -36 0.216044007382 63.0 -4.0 0.232928440149 4.09310300835
"(-10, 10]" -3 0.131381281091 61.5 -4.0 0.190251269515 9.06462068571
"(-25, -10]" -17 0.194622203091 61.5 -4.0 0.223998794163 3.84045050185
"(-50, -25]" -36 0.195978470173 61.5 -4.0 0.223678403039 5.83858589675
"(-75, -50]" -57 0.25671609602 61.5 -4.0 0.158462792202 1.53856855346
"(-25, -10]" -17 0.147689610352 59.5 -4.0 0.222179556766 9.0450688383
"(-50, -25]" -36 0.139568823423 59.5 -4.0 0.265527285694 14.1853265108
"(-75, -50]" -57 0.197835897494 59.5 -4.0 0.246054941875 4.93861706953
"(-150, -75]" -98 0.232086943387 59.5 -4.0 0.225896675128 3.48428104975
"(-10, 10]" -3 0.140688737826 62.0 -4.0 0.19191618824 19.784013919
"(-25, -10]" -17 0.180830725718 62.0 -4.0 0.24899377966 5.76009287666
"(-50, -25]" -36 0.199621464835 62.0 -4.0 0.219497690495 4.99853606122
"(-75, -50]" -57 0.223672215792 62.0 -4.0 0.179366839934 2.51651518059
"(-50, -25]" -36 0.116524586945 56.5 -4.0 0.163991544223 12.0665668587
"(-75, -50]" -57 0.117817450348 56.5 -4.0 0.277609975109 16.8379042591
"(-150, -75]" -98 0.277659604765 56.5 -4.0 0.291779072259 2.221974407
"(-25, -10]" -17 0.126404282021 58.5 -4.0 0.232996099018 12.1399161873
"(-50, -25]" -36 0.123790755314 58.5 -4.0 0.25059922241 18.4750246223
"(-75, -50]" -57 0.175502703324 58.5 -4.0 0.267129415496 6.16425017566
"(-150, -75]" -98 0.258020084861 58.5 -4.0 0.224843314413 2.87098577948
"(-50, -25]" -36 0.122619944532 57.0 -4.0 0.191394495276 11.8163045755
"(-75, -50]" -57 0.114368839938 57.0 -4.0 0.29109811616 76.0777409281
"(-150, -75]" -98 0.249625256705 57.0 -4.0 0.29841533668 2.96746979831
"(-50, -25]" -36 0.123147404927 57.5 -4.0 0.215714915362 16.9290745574
"(-75, -50]" -57 0.13615960203 57.5 -4.0 0.280724129893 11.6496444282
"(-150, -75]" -98 0.246040718465 57.5 -4.0 0.28169225776 3.83596604663
"(-25, -10]" -17 0.1373610798 59.0 -4.0 0.224772777325 9.85879484651
"(-50, -25]" -36 0.132041298488 59.0 -4.0 0.264959203207 16.2903331142
"(-75, -50]" -57 0.185148342575 59.0 -4.0 0.270831709769 5.61676279951
"(-25, -10]" -17 0.222016880072 63.5 -4.0 0.245050276005 3.70031285809
"(-50, -25]" -36 0.220064473154 63.5 -4.0 0.225531611306 3.29968383979
"(-50, -25]" -36 0.104997618465 56.0 -4.0 0.143266908189 14.3423145536
"(-75, -50]" -57 0.110679398494 56.0 -4.0 0.245893515463 13.9652467734
"(-150, -75]" -98 0.181215412462 56.0 -4.0 0.344567773869 7.82508638057
"(-50, -25]" -36 0.101691204895 55.5 -4.0 0.119768787929 14.537948061
"(-75, -50]" -57 0.102165630075 55.5 -4.0 0.223078397028 17.2142019072
"(-150, -75]" -98 0.175903331695 55.5 -4.0 0.308081212699 7.18319638585
"(-75, -50]" -57 0.100125167143 55.0 -4.0 0.186055624532 21.7985159691
"(-150, -75]" -98 0.173393084936 55.0 -4.0 0.282981173134 8.45491263654
"(-75, -50]" -57 0.0934384541207 53.0 -4.0 0.128117615418 16.1273267691
"(-150, -75]" -98 0.123666379264 53.0 -4.0 0.185178886437 31.5330160419
"(-75, -50]" -57 0.0971719073184 54.5 -4.0 0.13939105574 20.2942571884
"(-150, -75]" -98 0.172348076203 54.5 -4.0 0.239284336717 5.81230624959
"(-75, -50]" -57 0.0929802305761 53.5 -4.0 0.136693526108 15.5462628453
"(-150, -75]" -98 0.129268522103 53.5 -4.0 0.21383805925 17.5688610082
"(-75, -50]" -57 0.0875487517766 54.0 -4.0 0.144615787873 44.666514565
"(-150, -75]" -98 0.146135303928 54.0 -4.0 0.237832508808 12.748768503
"(-150, -75]" -98 0.110247643434 52.5 -4.0 0.174432884029 16.3336555011
"(-25, -10]" -17 0.105246984006 58.0 -2.0 0.13417018152 17.8399575534
"(-50, -25]" -36 0.104651958395 58.0 -2.0 0.222425690996 34.8733035729
"(-75, -50]" -57 0.168378732826 58.0 -2.0 0.223286656848 3.79739816729
"(-150, -75]" -98 0.214663384434 58.0 -2.0 0.129184398205 2.50980211195
"(-10, 10]" -3 0.136643767293 61.0 -2.0 0.220953535125 18.3014470468
"(-25, -10]" -17 0.144898139362 61.0 -2.0 0.216396825417 8.1585700675
"(-50, -25]" -36 0.151951497432 61.0 -2.0 0.20850697706 11.6958963808
"(-25, -10]" -17 0.140313649726 60.5 -2.0 0.200126113389 8.33998022458
"(-50, -25]" -36 0.151157391978 60.5 -2.0 0.206311859041 9.6953748152
"(-75, -50]" -57 0.112352008779 60.5 -2.0 0.232061582453 40.928137301
"(-10, 10]" -3 0.184995338846 62.5 -2.0 0.213096592376 7.63171880549
"(-25, -10]" -17 0.173764499232 62.5 -2.0 0.221132823919 6.317791297
"(-50, -25]" -36 0.170962126245 62.5 -2.0 0.196587762711 6.4534152959
"(-10, 10]" -3 0.119889481238 60.0 -2.0 0.195933678068 106.918477438
"(-25, -10]" -17 0.134252302201 60.0 -2.0 0.190475130767 10.8575097727
"(-50, -25]" -36 0.144438750394 60.0 -2.0 0.199784123396 9.5819564095
"(-25, -10]" -17 0.203770382013 64.0 -2.0 0.1838131463 3.68823467566
"(-10, 10]" -3 0.250567894481 63.0 -2.0 0.191649208221 2.6845992503
"(-25, -10]" -17 0.18126008691 63.0 -2.0 0.21554605808 5.99751037222
"(-50, -25]" -36 0.16044289189 63.0 -2.0 0.208963753304 13.6167477076
"(-10, 10]" -3 0.150148850019 61.5 -2.0 0.189117149824 17.2976490103
"(-25, -10]" -17 0.154913639823 61.5 -2.0 0.228234334532 7.00725694372
"(-50, -25]" -36 0.154488618167 61.5 -2.0 0.214370171308 13.3084308553
"(-10, 10]" -3 0.120313772493 59.5 -2.0 0.156025698455 27.2563432705
"(-25, -10]" -17 0.126203601972 59.5 -2.0 0.175902186238 17.3148643268
"(-50, -25]" -36 0.132679924639 59.5 -2.0 0.211229663527 11.8121272935
"(-10, 10]" -3 0.16959649822 62.0 -2.0 0.191532410502 7.95112611338
"(-25, -10]" -17 0.164464914475 62.0 -2.0 0.230910500273 6.51054022877
"(-50, -25]" -36 0.167551604597 62.0 -2.0 0.197301663394 7.4277740028
"(-25, -10]" -17 0.0946824902553 56.5 -2.0 0.141930587524 64.3374375386
"(-50, -25]" -36 0.0968944972167 56.5 -2.0 0.170347335721 24.8448518382
"(-75, -50]" -57 0.135087995076 56.5 -2.0 0.192552183185 6.93025209044
"(-150, -75]" -98 0.15574345259 56.5 -2.0 0.263625892957 99.4701040336
"(-10, 10]" -3 0.111629664465 58.5 -2.0 0.101317173211 9.74927478945
"(-25, -10]" -17 0.113925760419 58.5 -2.0 0.136945174803 17.7023637068
"(-50, -25]" -36 0.109609525846 58.5 -2.0 0.220503873805 25.8044224595
"(-75, -50]" -57 0.171475381393 58.5 -2.0 0.22743587847 3.70420677945
"(-150, -75]" -98 0.192616897035 58.5 -2.0 0.138691311828 5.05243647324
"(-25, -10]" -17 0.103429983138 57.0 -2.0 0.137843098507 19.3228685926
"(-50, -25]" -36 0.0963552143776 57.0 -2.0 0.1986275086 37.401624006
"(-75, -50]" -57 0.133432385143 57.0 -2.0 0.202488752307 5.74555369628
"(-150, -75]" -98 0.200847400067 57.0 -2.0 0.198041959141 3.90744378442
"(-25, -10]" -17 0.106181342752 57.5 -2.0 0.135165304551 19.5228162769
"(-50, -25]" -36 0.100734279742 57.5 -2.0 0.217013851139 31.2074448777
"(-75, -50]" -57 0.18184737999 57.5 -2.0 0.187843012033 2.46612075309
"(-150, -75]" -98 0.215146352587 57.5 -2.0 0.137344211814 2.59298782698
"(-10, 10]" -3 0.118413011537 59.0 -2.0 0.11611695594 20.5968134821
"(-25, -10]" -17 0.11370967505 59.0 -2.0 0.173903256269 23.7325911934
"(-50, -25]" -36 0.117692586728 59.0 -2.0 0.222749916508 19.6802947223
"(-75, -50]" -57 0.155803159222 59.0 -2.0 0.236896515202 4.29315505543
"(-10, 10]" -3 0.23336960322 63.5 -2.0 0.242421205774 4.4938254365
"(-25, -10]" -17 0.199877936788 63.5 -2.0 0.183852369554 4.17180669918
"(-10, 10]" -3 0.259414714376 64.5 -2.0 0.257064085713 4.53299741157
"(-50, -25]" -36 0.0926450485823 56.0 -2.0 0.144850268736 75.2150067163
"(-75, -50]" -57 0.12479486999 56.0 -2.0 0.209390341345 11.0666389111
"(-50, -25]" -36 0.0911059511929 55.5 -2.0 0.1337502422 50.796883533
"(-75, -50]" -57 0.11207036014 55.5 -2.0 0.222250135465 18.5357514288
"(-50, -25]" -36 0.0902172128559 55.0 -2.0 0.128106860976 65.2655695926
"(-75, -50]" -57 0.106166215956 55.0 -2.0 0.229754915297 25.4073755132
"(-150, -75]" -98 0.133692461307 55.0 -2.0 0.29694718601 19.0109603312
"(-75, -50]" -57 0.089603480275 53.0 -2.0 0.136935490219 11.9348952772
"(-150, -75]" -98 0.110085700236 53.0 -2.0 0.181149832797 19.9451028456
"(-75, -50]" -57 0.0954338264931 54.5 -2.0 0.204662430017 109.19271288
"(-150, -75]" -98 0.128384941554 54.5 -2.0 0.287724633113 19.2117697982
"(-75, -50]" -57 0.0884220009241 53.5 -2.0 0.160665905539 122.839613128
"(-150, -75]" -98 0.122098733049 53.5 -2.0 0.204247941813 9.34827782254
"(-150, -75]" -98 0.119870900849 54.0 -2.0 0.272299892762 18.4403208404
"(-150, -75]" -98 0.116131486942 52.5 -2.0 0.176582202727 15.8082353071
"(-10, 10]" -3 0.102320288697 58.0 0.0 0.153624966239 22.6099781534
"(-25, -10]" -17 0.0970072010664 58.0 0.0 0.197976705912 52.9222575644
"(-50, -25]" -36 0.118554516904 58.0 0.0 0.218285881588 11.5839554563
"(-10, 10]" -3 0.138009136843 61.0 0.0 0.202949018414 12.2530153829
"(-25, -10]" -17 0.140656955488 61.0 0.0 0.167196830803 11.0084052616
"(-50, -25]" -36 0.139477319812 61.0 0.0 0.186494112167 17.6279421488
"(-10, 10]" -3 0.133194654681 60.5 0.0 0.180955596187 13.4354446603
"(-25, -10]" -17 0.13576309232 60.5 0.0 0.17375451053 11.2849606803
"(-50, -25]" -36 0.136139913454 60.5 0.0 0.1977789519 21.7420860376
"(-10, 10]" -3 0.144520623923 62.5 0.0 0.215496855578 13.1200648898
"(-25, -10]" -17 0.160133465742 62.5 0.0 0.178197931673 9.54619390309
"(-10, 10]" -3 0.131821170886 60.0 0.0 0.167368781478 11.4076863585
"(-25, -10]" -17 0.125589715045 60.0 0.0 0.191776195803 17.9560438735
"(-50, -25]" -36 0.130190200786 60.0 0.0 0.204339960016 15.4527014133
"(-10, 10]" -3 0.203937750317 64.0 0.0 0.164759348379 3.01634508312
"(-10, 10]" -3 0.141467668367 63.0 0.0 0.231519995105 16.0044116278
"(-25, -10]" -17 0.159083776482 63.0 0.0 0.160458516923 6.71774972709
"(-10, 10]" -3 0.142809111543 61.5 0.0 0.217179204936 20.2793715348
"(-25, -10]" -17 0.151581780815 61.5 0.0 0.154375226259 6.60819840513
"(-10, 10]" -3 0.118347249102 59.5 0.0 0.159753500421 17.6186660726
"(-25, -10]" -17 0.117576171535 59.5 0.0 0.188401374159 21.5377648475
"(-50, -25]" -36 0.120945310998 59.5 0.0 0.203294985929 18.9847873497
"(-10, 10]" -3 0.144705510385 62.0 0.0 0.221356477987 13.6128775699
"(-25, -10]" -17 0.15231135667 62.0 0.0 0.172321312323 12.1291172451
"(-25, -10]" -17 0.0953206896401 56.5 0.0 0.129227681198 34.1697088354
"(-50, -25]" -36 0.0958191110247 56.5 0.0 0.221144972371 44.7960365675
"(-75, -50]" -57 0.169769927187 56.5 0.0 0.163571697001 4.55741825016
"(-10, 10]" -3 0.10346336792 58.5 0.0 0.185085083011 30.4699161206
"(-25, -10]" -17 0.0978496906276 58.5 0.0 0.192258381902 25.5178823106
"(-50, -25]" -36 0.11814446196 58.5 0.0 0.21630690468 13.8803002939
"(-25, -10]" -17 0.0920911199116 57.0 0.0 0.153869928233 47.4571534511
"(-50, -25]" -36 0.100759630984 57.0 0.0 0.217679463052 25.062717612
"(-75, -50]" -57 0.171961155714 57.0 0.0 0.179875173746 8.5862848467
"(-10, 10]" -3 0.102565353655 57.5 0.0 0.113106539075 11.8048624913
"(-25, -10]" -17 0.0950178662531 57.5 0.0 0.17867264103 57.0012022601
"(-50, -25]" -36 0.101994907894 57.5 0.0 0.219427952459 30.901757142
"(-10, 10]" -3 0.106700933702 59.0 0.0 0.1928922677 29.5862813726
"(-25, -10]" -17 0.111276566996 59.0 0.0 0.1739098213 12.2200629794
"(-50, -25]" -36 0.114371968984 59.0 0.0 0.232521361366 23.0645136251
"(-50, -25]" -36 0.0898417692211 56.0 0.0 0.212738496808 158.808346544
"(-75, -50]" -57 0.156098320582 56.0 0.0 0.154018041767 2.97711343009
"(-50, -25]" -36 0.0882642858314 55.5 0.0 0.191605440291 70.0584070038
"(-75, -50]" -57 0.148111169598 55.5 0.0 0.154922385144 3.2883351774
"(-150, -75]" -98 0.124902779718 55.5 0.0 0.151489237372 16.6227302248
"(-75, -50]" -57 0.146439321223 55.0 0.0 0.140886098776 3.61843123005
"(-10, 10]" -3 0.108341271812 58.0 2.0 0.172560238064 17.3363115649
"(-25, -10]" -17 0.105242948422 58.0 2.0 0.176898773357 21.9761426123
"(-50, -25]" -36 0.107794917509 58.0 2.0 0.160036880177 13.1766785413
"(-10, 10]" -3 0.134229503675 61.0 2.0 0.181954956308 23.6910743681
"(-25, -10]" -17 0.120816052964 61.0 2.0 0.15144780659 8.76061143654
"(-10, 10]" -3 0.124668027837 60.5 2.0 0.178237430164 12.0110257767
"(-25, -10]" -17 0.11020816312 60.5 2.0 0.163632020633 30.9391572957
"(-10, 10]" -3 0.147223696469 62.5 2.0 0.182834927711 6.75913526832
"(-25, -10]" -17 0.117782186967 60.0 2.0 0.162786413421 12.9210887568
"(-10, 10]" -3 0.141412350461 61.5 2.0 0.204380181063 10.9915575848
"(-10, 10]" -3 0.107682325241 59.5 2.0 0.15555684079 15.0814755333
"(-25, -10]" -17 0.111979290056 59.5 2.0 0.159937470223 12.7273883341
"(-10, 10]" -3 0.145872378332 62.0 2.0 0.181263184861 7.73757493686
"(-50, -25]" -36 0.104003093698 56.5 2.0 0.176541500514 20.6626173953
"(-25, -10]" -17 0.104681752205 58.5 2.0 0.189499392606 28.1524758871
"(-10, 10]" -3 0.0979833542958 57.0 2.0 0.163864477261 22.0608173636
"(-25, -10]" -17 0.0992409661283 57.0 2.0 0.18439249531 22.8945349989
"(-50, -25]" -36 0.102896099718 57.0 2.0 0.165549978963 14.1923573791
"(-25, -10]" -17 0.102569501967 57.5 2.0 0.184715948789 22.1053187217
"(-50, -25]" -36 0.110867021503 57.5 2.0 0.162309177229 12.0204023977
"(-25, -10]" -17 0.106375983904 59.0 2.0 0.184741610625 22.1704581315
"(-50, -25]" -36 0.099083992338 56.0 2.0 0.186436744592 21.922988798
"(-50, -25]" -36 0.0956379509937 55.5 2.0 0.166303153004 30.9368354152
"(-50, -25]" -36 0.144597903156 58.0 -5.0 0.247009507706 8.11155984465
"(-75, -50]" -57 0.157782674918 58.0 -5.0 0.307470172459 9.99145173611
"(-150, -75]" -98 0.199346754909 58.0 -5.0 0.348198487249 7.78355656546
"(-25, -10]" -17 0.149480224202 61.0 -5.0 0.270766948582 21.7971730296
"(-50, -25]" -36 0.192305514226 61.0 -5.0 0.251912138758 7.49295468586
"(-75, -50]" -57 0.207446952731 61.0 -5.0 0.237756352295 2.97144176397
"(-150, -75]" -98 0.306204920248 61.0 -5.0 0.245880271951 3.95362208246
"(-25, -10]" -17 0.131783570069 60.5 -5.0 0.261248194272 33.9560171175
"(-50, -25]" -36 0.170541048668 60.5 -5.0 0.266099603877 10.9123352854
"(-75, -50]" -57 0.210321313247 60.5 -5.0 0.254039216465 3.42532621167
"(-25, -10]" -17 0.121329883239 60.0 -5.0 0.270401907965 74.9633387509
"(-50, -25]" -36 0.150114149611 60.0 -5.0 0.290762571304 13.842723358
"(-75, -50]" -57 0.225204268528 60.0 -5.0 0.250039825974 3.27841948556
"(-50, -25]" -36 0.25952495313 63.0 -5.0 0.221350280183 3.3867178203
"(-25, -10]" -17 0.172579960873 61.5 -5.0 0.249154944422 14.2247467249
"(-50, -25]" -36 0.217478644698 61.5 -5.0 0.22897153939 5.06464091804
"(-75, -50]" -57 0.214462350922 61.5 -5.0 0.219045251579 3.31943479089
"(-50, -25]" -36 0.13601759546 59.5 -5.0 0.298457983361 17.5339469662
"(-75, -50]" -57 0.205311499605 59.5 -5.0 0.27123477591 4.50654474136
"(-150, -75]" -98 0.27280051517 59.5 -5.0 0.230361062779 5.85343212727
"(-50, -25]" -36 0.236094056984 62.0 -5.0 0.205930592279 4.08515213301
"(-75, -50]" -57 0.21091617778 62.0 -5.0 0.228671066167 4.40685979523
"(-50, -25]" -36 0.136602347518 56.5 -5.0 0.127662960443 6.92202935978
"(-75, -50]" -57 0.12301630308 56.5 -5.0 0.257067790344 14.7086856431
"(-150, -75]" -98 0.534939106919 56.5 -5.0 0.207022329151 -0.0259135364135
"(-50, -25]" -36 0.136234131246 58.5 -5.0 0.266735357622 10.5699796747
"(-75, -50]" -57 0.179541781395 58.5 -5.0 0.287461193517 7.07464733248
"(-150, -75]" -98 0.24098153842 58.5 -5.0 0.302632758016 5.29290223008
"(-50, -25]" -36 0.141234840319 57.0 -5.0 0.172938443107 7.70314919412
"(-75, -50]" -57 0.128212324461 57.0 -5.0 0.287201174911 19.0229954934
"(-150, -75]" -98 0.162323732803 57.0 -5.0 0.389214055434 9.62979310096
"(-50, -25]" -36 0.149376778027 57.5 -5.0 0.208411101764 7.87883338147
"(-75, -50]" -57 0.137752404168 57.5 -5.0 0.31360918711 14.5061246893
"(-150, -75]" -98 0.162767344419 57.5 -5.0 0.391867342867 12.9738090174
"(-50, -25]" -36 0.125955338731 59.0 -5.0 0.29657421008 27.8208502656
"(-75, -50]" -57 0.191695051768 59.0 -5.0 0.281560665127 6.50727662802
"(-150, -75]" -98 0.269111544265 59.0 -5.0 0.256988767627 4.47983815846
"(-50, -25]" -36 0.128276776475 56.0 -5.0 0.0981304641746 6.24184807138
"(-75, -50]" -57 0.113331016043 56.0 -5.0 0.231008101796 20.7205420745
"(-150, -75]" -98 0.664974659703 56.0 -5.0 0.254525948291 -1.21195184661
"(-75, -50]" -57 0.107485125144 55.5 -5.0 0.209161596798 18.2395725436
"(-150, -75]" -98 0.346452729835 55.5 -5.0 0.219308962975 1.0829524706
"(-75, -50]" -57 0.0995057745564 55.0 -5.0 0.181757811255 19.1264985089
"(-150, -75]" -98 0.228552295158 55.0 -5.0 0.268745117838 2.73491564867
"(-75, -50]" -57 0.0851052512061 53.0 -5.0 0.108498777184 26.2159029569
"(-150, -75]" -98 0.118762902876 53.0 -5.0 0.230474283844 9.75008272205
"(-75, -50]" -57 0.095919992389 54.5 -5.0 0.159128395432 22.4182757589
"(-150, -75]" -98 0.204164757073 54.5 -5.0 0.256957640438 2.7556559606
"(-150, -75]" -98 0.126479739621 53.5 -5.0 0.257654271147 12.8119804593
"(-75, -50]" -57 0.095639798014 54.0 -5.0 0.137487752382 29.543243369
"(-150, -75]" -98 0.145009401841 54.0 -5.0 0.268197968573 7.73062720415
"(-150, -75]" -98 0.106910555046 52.5 -5.0 0.222401955806 19.8412495089
"(-150, -75]" -98 0.184149614298 58.0 -6.0 0.378773528168 12.133521851
"(-50, -25]" -36 0.190796161932 61.0 -6.0 0.261885268012 7.61041266111
"(-75, -50]" -57 0.220449503841 61.0 -6.0 0.223217144724 5.0570806283
"(-150, -75]" -98 0.314300163022 61.0 -6.0 0.22972382698 5.96986258612
"(-75, -50]" -57 0.21910199378 60.5 -6.0 0.223122767682 5.26788414592
"(-150, -75]" -98 0.290224931136 60.5 -6.0 0.214426998642 5.82208204285
"(-50, -25]" -36 0.149125492729 60.0 -6.0 0.309586894326 13.8910648703
"(-75, -50]" -57 0.202855719668 60.0 -6.0 0.251952657044 6.35290168245
"(-150, -75]" -98 0.276265382056 60.0 -6.0 0.232177435887 3.9769176159
"(-75, -50]" -57 0.221046656138 61.5 -6.0 0.227730516389 3.77790056914
"(-50, -25]" -36 0.13561611536 59.5 -6.0 0.301687597908 16.7383355504
"(-75, -50]" -57 0.196675206908 59.5 -6.0 0.265612250265 6.88404358169
"(-150, -75]" -98 0.300572491227 59.5 -6.0 0.226025747866 2.34092984125
"(-50, -25]" -36 0.235667916898 62.0 -6.0 0.224420352095 4.40110790353
"(-75, -50]" -57 0.152020072699 56.5 -6.0 0.16856502954 5.73232226729
"(-150, -75]" -98 0.710258860023 56.5 -6.0 0.253660739664 -1.72323762604
"(-75, -50]" -57 0.187164208838 58.5 -6.0 0.279215560356 12.6594616612
"(-150, -75]" -98 0.358842901193 58.5 -6.0 0.2365227604 1.11528546791
"(-75, -50]" -57 0.168858749229 57.0 -6.0 0.183877881383 4.92751274505
"(-150, -75]" -98 0.695460506279 57.0 -6.0 0.264833079085 -1.45916799032
"(-75, -50]" -57 0.171829551578 57.5 -6.0 0.235574700524 11.2854010238
"(-150, -75]" -98 0.550679597034 57.5 -6.0 0.20059787641 -0.171617580086
"(-50, -25]" -36 0.135163199912 59.0 -6.0 0.275066644387 12.0639999101
"(-75, -50]" -57 0.183889346744 59.0 -6.0 0.288601879517 9.00351292705
"(-150, -75]" -98 0.446271542142 59.0 -6.0 0.171036620154 0.294576471554
"(-75, -50]" -57 0.138110017018 56.0 -6.0 0.146393959177 7.46269380529
"(-150, -75]" -98 0.659576010323 56.0 -6.0 0.238213961008 -1.66687876608
"(-75, -50]" -57 0.117991847208 55.5 -6.0 0.144374594326 12.379910133
"(-150, -75]" -98 0.506088356897 55.5 -6.0 0.164963116803 -0.422158177811
"(-75, -50]" -57 0.108950953138 55.0 -6.0 0.13823623535 18.1388035359
"(-150, -75]" -98 0.109879262677 53.0 -6.0 0.1486183174 11.5947919169
"(-75, -50]" -57 0.104209574144 54.5 -6.0 0.124052812699 29.5726269792
"(-150, -75]" -98 0.316079168707 54.5 -6.0 0.133233194869 0.622169425001
"(-150, -75]" -98 0.121872964595 53.5 -6.0 0.210139088468 14.0444606447
"(-150, -75]" -98 0.103626967852 52.5 -6.0 0.127190777551 20.1815570633
"(-150, -75]" -98 0.55505157835 58.0 -7.0 0.203882891559 -0.083121269091
"(-150, -75]" -98 0.349365554429 60.5 -7.0 0.240261993265 2.38036946464
"(-150, -75]" -98 0.292431507885 60.0 -7.0 0.283583489336 3.26975883707
"(-150, -75]" -98 0.368809266335 59.5 -7.0 0.23925650331 1.48448764877
"(-150, -75]" -98 0.556357261677 56.5 -7.0 0.169383598584 -0.317460137777
"(-150, -75]" -98 0.705907419249 58.5 -7.0 0.25461807583 -1.30703932925
"(-150, -75]" -98 0.702189052092 57.0 -7.0 0.236345456299 -1.91499175487
"(-150, -75]" -98 0.542039061381 57.5 -7.0 0.180166382304 6.94515670833e-06
"(-150, -75]" -98 0.535905385332 59.0 -7.0 0.192966344915 0.00130985148218
"(-150, -75]" -98 0.489604661206 56.0 -7.0 0.141570539167 0.000311776974433
"(-150, -75]" -98 0.129686677737 53.0 -7.0 0.0534640920132 4.76499574976
"(-150, -75]" -98 0.134712658952 53.5 -7.0 0.0856419947483 4.72307081568
"(-150, -75]" -98 0.113869106819 52.0 -7.0 0.0522434950854 7.15337475053
"(-150, -75]" -98 0.119082289479 52.5 -7.0 0.0506594247186 6.82223171691
