dst_bin dst_mean loc mlat norm_mlt scale shape
"(-10, 10]" -3 187.355506292 58.0 1.0 177.992618422 1.57257378136
"(-25, -10]" -17 173.904798678 58.0 1.0 205.703732018 1.64521393075
"(-50, -25]" -36 197.819507121 58.0 1.0 179.025572434 1.80175100052
"(-10, 10]" -3 250.15 61.0 1.0 4.10538962668 0.0893588072411
"(-25, -10]" -17 185.468143426 61.0 1.0 108.21294979 2.94134932161
"(-10, 10]" -3 242.324352985 60.5 1.0 157.256543908 1.82762301739
"(-25, -10]" -17 212.44 60.5 1.0 7.44103002857 0.218424014275
"(-10, 10]" -3 252.11 62.5 1.0 4.44060357569 0.0998903893581
"(-10, 10]" -3 232.89 60.0 1.0 3.41832304034 0.058035927982
"(-25, -10]" -17 198.63 60.0 1.0 7.49421318301 0.252419868093
"(-10, 10]" -3 251.13 63.0 1.0 3.80712811417 0.0515556299286
"(-10, 10]" -3 249.8 61.5 1.0 4.53352187473 0.157662249984
"(-25, -10]" -17 223.88 61.5 1.0 5.54340872293 0.0904435102927
"(-10, 10]" -3 202.14 59.5 1.0 3.9597813595 0.10549341658
"(-25, -10]" -17 204.87 59.5 1.0 5.31108498636 0.16125789531
"(-50, -25]" -36 209.06 59.5 1.0 5.85441287276 0.119917861328
"(-10, 10]" -3 224.63 62.0 1.0 6.13756935878 0.145701774944
"(-25, -10]" -17 237.36 62.0 1.0 4.20656298681 0.053889406438
"(-10, 10]" -3 188.04 56.5 1.0 276.782301717 0.728156583717
"(-25, -10]" -17 182.977836256 56.5 1.0 192.11257286 1.21299709453
"(-50, -25]" -36 189.667157376 56.5 1.0 188.223789619 1.74238593216
"(-10, 10]" -3 159.742965936 58.5 1.0 147.984974071 2.19582941246
"(-25, -10]" -17 204.108308788 58.5 1.0 226.787002732 1.37406629298
"(-50, -25]" -36 203.0 58.5 1.0 7.86950221521 0.0835510594243
"(-10, 10]" -3 171.45 57.0 1.0 6.00567430514 0.324054756504
"(-25, -10]" -17 175.166139316 57.0 1.0 249.777916895 1.22046026651
"(-50, -25]" -36 186.109240484 57.0 1.0 175.923545452 1.90446520979
"(-10, 10]" -3 177.536553347 57.5 1.0 179.650751685 1.53923843504
"(-25, -10]" -17 186.915054727 57.5 1.0 269.60246045 1.19854950269
"(-50, -25]" -36 187.046989679 57.5 1.0 165.536338632 1.97089511724
"(-10, 10]" -3 168.696060637 59.0 1.0 147.395003357 2.16141397577
"(-25, -10]" -17 204.87 59.0 1.0 4.76401665987 0.109785687379
"(-50, -25]" -36 186.898824903 59.0 1.0 157.673768257 2.05883376857
"(-10, 10]" -3 277.605469868 63.5 1.0 267.699216419 1.2898786372
"(-50, -25]" -36 181.21927449 56.0 1.0 187.054224592 1.71980779006
"(-50, -25]" -36 172.597693417 55.5 1.0 180.451673513 1.66331932642
"(-25, -10]" -17 188.366013938 58.0 -3.0 168.43521208 1.75746604344
"(-50, -25]" -36 195.54090764 58.0 -3.0 221.31007135 1.72430039554
"(-75, -50]" -57 116.669285545 58.0 -3.0 156.809672708 3.55631406178
"(-150, -75]" -98 251.54 58.0 -3.0 3.74184954598 0.0863157664553
"(-10, 10]" -3 237.69 61.0 -3.0 3.60048202255 0.073852111537
"(-25, -10]" -17 172.695048586 61.0 -3.0 166.92621244 2.98904931393
"(-50, -25]" -36 218.659038765 61.0 -3.0 172.73339287 2.66962606086
"(-75, -50]" -57 214.733970815 61.0 -3.0 228.394531913 2.00753580929
"(-10, 10]" -3 237.69 60.5 -3.0 3.80050669896 0.0558976771743
"(-25, -10]" -17 178.836707861 60.5 -3.0 146.16141655 3.13368888058
"(-50, -25]" -36 195.114664244 60.5 -3.0 158.172034353 2.98291855369
"(-75, -50]" -57 105.119370794 60.5 -3.0 148.93796589 3.84718866791
"(-10, 10]" -3 197.012641084 62.5 -3.0 161.297176824 3.34617118346
"(-25, -10]" -17 215.291732916 62.5 -3.0 205.426371744 2.68491115522
"(-50, -25]" -36 215.768777433 62.5 -3.0 145.155981374 3.52615542921
"(-10, 10]" -3 233.94 60.0 -3.0 3.89017129916 0.0421511890554
"(-25, -10]" -17 180.241782939 60.0 -3.0 130.727962039 3.13926186197
"(-50, -25]" -36 207.167402604 60.0 -3.0 179.065531417 2.49079880558
"(-75, -50]" -57 105.575346013 60.0 -3.0 156.536005571 3.81862739018
"(-10, 10]" -3 483.390599351 64.0 -3.0 342.790331902 1.36032178677
"(-25, -10]" -17 -92.6118034198 64.0 -3.0 78.4875360762 11.1117625942
"(-10, 10]" -3 242.511316794 63.0 -3.0 144.597801303 4.10706450775
"(-25, -10]" -17 217.685501358 63.0 -3.0 166.133538235 3.15700769382
"(-50, -25]" -36 210.347147473 63.0 -3.0 123.755269366 3.99767709202
"(-10, 10]" -3 246.51 61.5 -3.0 3.96959719529 0.151428850988
"(-25, -10]" -17 187.829588373 61.5 -3.0 194.177379179 2.70318462819
"(-50, -25]" -36 234.146776733 61.5 -3.0 174.60838961 2.5940952539
"(-75, -50]" -57 215.08288684 61.5 -3.0 195.030769942 2.20253816614
"(-10, 10]" -3 202.40734333 59.5 -3.0 81.1025972575 2.75583384158
"(-25, -10]" -17 214.903900631 59.5 -3.0 158.448775939 2.17980942183
"(-50, -25]" -36 202.09240864 59.5 -3.0 196.231745296 2.21282563731
"(-75, -50]" -57 27.8805691249 59.5 -3.0 124.475204385 5.48794158942
"(-150, -75]" -98 -57.9785248039 59.5 -3.0 48.5698497467 14.2821432646
"(-10, 10]" -3 255.88 62.0 -3.0 4.19920603241 0.0791378120514
"(-25, -10]" -17 196.025170584 62.0 -3.0 191.985278377 2.81118213753
"(-50, -25]" -36 241.599717766 62.0 -3.0 165.725369483 2.77724076894
"(-25, -10]" -17 189.941767786 56.5 -3.0 163.994563783 1.31992997171
"(-50, -25]" -36 181.80564832 56.5 -3.0 157.981691724 1.88464845611
"(-75, -50]" -57 157.326052606 56.5 -3.0 187.360463054 2.3107041076
"(-150, -75]" -98 -87.1800545791 56.5 -3.0 121.925609354 8.04944471604
"(-25, -10]" -17 188.950483859 58.5 -3.0 153.550573528 2.02566530457
"(-50, -25]" -36 200.283295699 58.5 -3.0 250.404012636 1.64709725949
"(-75, -50]" -57 113.998596971 58.5 -3.0 169.666868395 3.44337000916
"(-150, -75]" -98 -145.510084124 58.5 -3.0 39.7626040533 20.6973371641
"(-25, -10]" -17 179.88 57.0 -3.0 6.42494718652 0.230690417943
"(-50, -25]" -36 176.919134082 57.0 -3.0 182.109014628 1.87248405856
"(-75, -50]" -57 168.788933 57.0 -3.0 192.22395608 2.26291442668
"(-150, -75]" -98 270.020279525 57.0 -3.0 149.648699851 3.99738740597
"(-25, -10]" -17 177.561772094 57.5 -3.0 182.020316227 1.66609516725
"(-50, -25]" -36 196.871765477 57.5 -3.0 224.057649559 1.54132013528
"(-75, -50]" -57 141.417143702 57.5 -3.0 158.682943682 3.03459406968
"(-150, -75]" -98 186.866961285 57.5 -3.0 130.32104776 4.82712809428
"(-25, -10]" -17 187.660257584 59.0 -3.0 164.060931188 2.1587523047
"(-50, -25]" -36 177.131223107 59.0 -3.0 203.872730304 2.19485802685
"(-75, -50]" -57 101.79529521 59.0 -3.0 164.781185157 3.75993406577
"(-150, -75]" -98 297.51 59.0 -3.0 3.01320850382 0.0723583977563
"(-10, 10]" -3 227.716270946 63.5 -3.0 162.317774981 4.3078828167
"(-25, -10]" -17 180.259766284 63.5 -3.0 143.168625009 4.18230835049
"(-50, -25]" -36 274.76 63.5 -3.0 3.94673581893 0.134098823603
"(-50, -25]" -36 178.149059141 56.0 -3.0 137.35946499 1.7885528436
"(-75, -50]" -57 168.791555502 56.0 -3.0 198.786473665 2.03575470353
"(-150, -75]" -98 123.565305146 56.0 -3.0 184.822712134 3.96673886592
"(-50, -25]" -36 179.77 55.5 -3.0 3.43586534893 0.0866163061201
"(-75, -50]" -57 188.331227649 55.5 -3.0 215.493764518 1.63270612497
"(-150, -75]" -98 184.693695566 55.5 -3.0 204.614720972 3.08352413015
"(-50, -25]" -36 176.574124004 55.0 -3.0 95.4899804143 1.8280531977
"(-75, -50]" -57 178.500993271 55.0 -3.0 223.486285935 1.42195630308
"(-150, -75]" -98 193.338174328 55.0 -3.0 207.002396485 2.87310082254
"(-75, -50]" -57 170.364978093 53.0 -3.0 194.981604814 1.28818841381
"(-150, -75]" -98 188.435358035 53.0 -3.0 147.385616386 2.23128132751
"(-75, -50]" -57 183.054866061 54.5 -3.0 190.942706881 1.3741173414
"(-150, -75]" -98 228.726452066 54.5 -3.0 210.815004031 2.30361406901
"(-75, -50]" -57 165.580376133 53.5 -3.0 210.522885527 1.25883007766
"(-150, -75]" -98 200.148881411 53.5 -3.0 201.387032278 1.78208252192
"(-75, -50]" -57 171.599362223 54.0 -3.0 177.821370088 1.35434708518
"(-150, -75]" -98 214.334652879 54.0 -3.0 210.810151031 1.98205978103
"(-150, -75]" -98 59.1572213737 52.5 -3.0 77.2576021959 5.8223059081
"(-10, 10]" -3 209.858536379 58.0 -1.0 81.0964754367 1.75413765131
"(-25, -10]" -17 193.32 58.0 -1.0 3.54922284331 0.0821899884139
"(-50, -25]" -36 186.962997076 58.0 -1.0 216.343486002 1.65043410988
"(-75, -50]" -57 209.705880863 58.0 -1.0 160.566255305 3.39548419033
"(-10, 10]" -3 243.2 61.0 -1.0 4.47969694303 0.0901706354115
"(-25, -10]" -17 216.04 61.0 -1.0 6.24846710373 0.206040881855
"(-50, -25]" -36 211.859567858 61.0 -1.0 147.799208491 2.57259264799
"(-10, 10]" -3 234.13 60.5 -1.0 4.75470279173 0.0682409497965
"(-25, -10]" -17 179.38964554 60.5 -1.0 143.062103048 2.66037988221
"(-50, -25]" -36 215.78 60.5 -1.0 4.4128770935 0.155864829251
"(-10, 10]" -3 147.559126707 62.5 -1.0 111.253048138 4.6515761745
"(-25, -10]" -17 233.701059321 62.5 -1.0 117.142776982 3.10985590684
"(-10, 10]" -3 222.41 60.0 -1.0 4.6715483909 0.0678157162681
"(-25, -10]" -17 201.48 60.0 -1.0 7.25524573509 0.192856143791
"(-50, -25]" -36 193.84 60.0 -1.0 4.73826762147 0.182581580263
"(-10, 10]" -3 328.89 64.0 -1.0 3.21520496758 0.0518238647308
"(-10, 10]" -3 222.7157308 63.0 -1.0 139.117679981 3.40267577412
"(-25, -10]" -17 234.08 63.0 -1.0 4.72624895659 0.107211981714
"(-10, 10]" -3 224.35 61.5 -1.0 5.28365446188 0.181753252177
"(-25, -10]" -17 201.235786404 61.5 -1.0 143.353133424 2.77733832349
"(-50, -25]" -36 203.556843585 61.5 -1.0 129.872484256 3.16955746992
"(-10, 10]" -3 205.68 59.5 -1.0 6.99138743109 0.168518999309
"(-25, -10]" -17 218.43 59.5 -1.0 6.14815760682 0.13062316656
"(-50, -25]" -36 198.325894779 59.5 -1.0 184.880862492 1.98972164895
"(-10, 10]" -3 198.09184303 62.0 -1.0 146.506524619 3.15149034099
"(-25, -10]" -17 224.05 62.0 -1.0 4.58159219758 0.197773662515
"(-50, -25]" -36 244.981176037 62.0 -1.0 161.247339087 2.41633344459
"(-25, -10]" -17 187.95 56.5 -1.0 3.85447891988 0.0859501529036
"(-50, -25]" -36 181.667094062 56.5 -1.0 242.300305967 1.273720824
"(-75, -50]" -57 168.832403398 56.5 -1.0 127.600680594 3.14294723567
"(-10, 10]" -3 199.031453839 58.5 -1.0 70.3904572487 2.56134650275
"(-25, -10]" -17 185.89 58.5 -1.0 8.41220128749 0.313275535684
"(-50, -25]" -36 189.919875647 58.5 -1.0 212.725488297 1.7330995178
"(-75, -50]" -57 179.556685896 58.5 -1.0 158.870151238 3.17571621086
"(-25, -10]" -17 173.71 57.0 -1.0 7.11994561437 0.166484424917
"(-50, -25]" -36 172.097607578 57.0 -1.0 236.65994894 1.55297110911
"(-75, -50]" -57 166.470365468 57.0 -1.0 142.038042413 3.29599139767
"(-25, -10]" -17 192.28 57.5 -1.0 6.04847095529 0.197086645387
"(-50, -25]" -36 181.466964841 57.5 -1.0 243.841470458 1.49423298458
"(-75, -50]" -57 133.533799398 57.5 -1.0 137.391433717 4.12264398066
"(-10, 10]" -3 223.084571275 59.0 -1.0 109.668423152 1.80165230767
"(-25, -10]" -17 199.56 59.0 -1.0 7.80117951736 0.170634872325
"(-50, -25]" -36 193.978892008 59.0 -1.0 215.693380179 1.72336537461
"(-10, 10]" -3 170.774062701 63.5 -1.0 125.945237521 4.53405140977
"(-25, -10]" -17 236.1 63.5 -1.0 4.49231187415 0.0533122867056
"(-50, -25]" -36 167.654830035 56.0 -1.0 192.040183969 1.31977471531
"(-75, -50]" -57 182.505541983 56.0 -1.0 189.313951833 2.06361069856
"(-150, -75]" -98 187.27284954 56.0 -1.0 115.060081869 3.08952961235
"(-50, -25]" -36 180.0 55.5 -1.0 188.387719099 0.977316712134
"(-75, -50]" -57 185.03052523 55.5 -1.0 242.785401162 1.57069280546
"(-150, -75]" -98 229.41 55.5 -1.0 4.36381418913 0.0618196499125
"(-75, -50]" -57 224.19278554 55.0 -1.0 317.783292061 1.02697312089
"(-150, -75]" -98 241.531691446 55.0 -1.0 265.593061534 1.41265403658
"(-75, -50]" -57 188.903629059 54.5 -1.0 281.205819218 1.13294720633
"(-150, -75]" -98 201.310154502 54.5 -1.0 218.251189368 1.72804521307
"(-75, -50]" -57 172.51 53.5 -1.0 5.91898535632 0.172188700627
"(-150, -75]" -98 192.22 53.5 -1.0 8.03121745652 0.144143262141
"(-75, -50]" -57 171.631497139 54.0 -1.0 313.711080541 1.09871375342
"(-150, -75]" -98 204.7 54.0 -1.0 7.91905323578 0.151639053931
"(-25, -10]" -17 187.176627433 58.0 -4.0 201.323251789 1.75026788783
"(-50, -25]" -36 191.17496044 58.0 -4.0 213.125631476 2.05267721292
"(-75, -50]" -57 202.876288786 58.0 -4.0 214.576109408 2.53140801048
"(-150, -75]" -98 283.459961051 58.0 -4.0 157.259034224 3.84040657677
"(-10, 10]" -3 148.097982619 61.0 -4.0 132.662713492 3.194347089
"(-25, -10]" -17 73.4462830734 61.0 -4.0 113.680326937 5.445670277
"(-50, -25]" -36 234.896733761 61.0 -4.0 164.416547563 3.1117963256
"(-75, -50]" -57 -158.924577636 61.0 -4.0 75.2007260391 11.9705416325
"(-25, -10]" -17 175.729983278 60.5 -4.0 127.987838231 3.76409356933
"(-50, -25]" -36 231.928026508 60.5 -4.0 175.722242426 2.83224439453
"(-75, -50]" -57 -3.37624399084 60.5 -4.0 99.3088088126 7.50736330005
"(-10, 10]" -3 213.989421352 62.5 -4.0 134.439511073 3.10945856809
"(-25, -10]" -17 193.981466931 62.5 -4.0 184.637201599 3.199623869
"(-50, -25]" -36 128.526547598 62.5 -4.0 129.002102365 5.04586300787
"(-25, -10]" -17 198.213034058 60.0 -4.0 150.889143573 2.82285610443
"(-50, -25]" -36 200.403151034 60.0 -4.0 194.730425332 2.64088372731
"(-75, -50]" -57 33.7281779102 60.0 -4.0 122.603454482 6.04324564477
"(-150, -75]" -98 290.449930975 60.0 -4.0 161.865380307 3.16891163209
"(-25, -10]" -17 10.6615154803 64.0 -4.0 105.791136889 8.12913507587
"(-10, 10]" -3 204.4439906 63.0 -4.0 126.355498551 3.90031953083
"(-25, -10]" -17 160.657615263 63.0 -4.0 140.987056392 4.51784916879
"(-50, -25]" -36 167.426641506 63.0 -4.0 141.650296936 4.41029596231
"(-10, 10]" -3 173.491776497 61.5 -4.0 143.559432142 2.75309444809
"(-25, -10]" -17 82.4450134893 61.5 -4.0 124.784597114 5.23824728641
"(-50, -25]" -36 233.611157549 61.5 -4.0 154.777046214 3.27934331899
"(-75, -50]" -57 -395.46109897 61.5 -4.0 49.8077448769 22.5106185109
"(-25, -10]" -17 207.589353743 59.5 -4.0 182.202382441 2.36262786405
"(-50, -25]" -36 210.492763855 59.5 -4.0 226.002681462 2.17464191799
"(-75, -50]" -57 116.191568089 59.5 -4.0 144.173611728 4.61680140969
"(-150, -75]" -98 83.0260426529 59.5 -4.0 117.767119914 6.1432061285
"(-10, 10]" -3 241.930157829 62.0 -4.0 163.434578222 2.16058938371
"(-25, -10]" -17 177.553444238 62.0 -4.0 166.265734454 3.46984116916
"(-50, -25]" -36 201.562428053 62.0 -4.0 141.89794516 3.81299856873
"(-75, -50]" -57 72.6508148482 62.0 -4.0 91.9541935229 6.95412184833
"(-50, -25]" -36 192.11 56.5 -4.0 5.06246484108 0.131693986082
"(-75, -50]" -57 180.588316593 56.5 -4.0 252.012311303 1.90288625226
"(-150, -75]" -98 -409.835248757 56.5 -4.0 115.266226698 12.1077412954
"(-25, -10]" -17 188.464801273 58.5 -4.0 217.634963876 1.84657737847
"(-50, -25]" -36 199.531751369 58.5 -4.0 226.566799571 1.9741384684
"(-75, -50]" -57 144.428655656 58.5 -4.0 181.432119096 3.45392013652
"(-150, -75]" -98 -97.1994736788 58.5 -4.0 92.2821116654 10.2636495488
"(-50, -25]" -36 192.366492642 57.0 -4.0 164.021313434 2.1207931953
"(-75, -50]" -57 214.804132964 57.0 -4.0 278.085293729 1.70435203021
"(-150, -75]" -98 -368.690272839 57.0 -4.0 112.955209957 11.7442753585
"(-50, -25]" -36 203.236540844 57.5 -4.0 190.571853662 2.0123838466
"(-75, -50]" -57 198.318858801 57.5 -4.0 246.461236961 2.0425111036
"(-150, -75]" -98 -45.440568196 57.5 -4.0 129.294160757 7.56322892668
"(-25, -10]" -17 200.982269965 59.0 -4.0 196.669246466 2.09065350351
"(-50, -25]" -36 202.642737386 59.0 -4.0 226.827951415 2.14063474137
"(-75, -50]" -57 135.780355562 59.0 -4.0 177.203902501 3.71475316815
"(-150, -75]" -98 131.813371573 59.0 -4.0 121.571901149 5.62986835735
"(-25, -10]" -17 126.247956616 63.5 -4.0 143.035873628 4.8549873325
"(-50, -25]" -36 121.818507068 63.5 -4.0 131.874711449 5.00382061717
"(-50, -25]" -36 186.15 56.0 -4.0 7.24518611583 0.241935946031
"(-75, -50]" -57 165.956069507 56.0 -4.0 226.611315821 1.8775456607
"(-150, -75]" -98 48.4152077349 56.0 -4.0 194.245892606 4.5357056073
"(-50, -25]" -36 181.49 55.5 -4.0 3.71228328931 0.0718858873443
"(-75, -50]" -57 170.148514168 55.5 -4.0 221.386392386 1.65035083797
"(-150, -75]" -98 30.0209226708 55.5 -4.0 163.557810461 5.05420121863
"(-75, -50]" -57 178.147937556 55.0 -4.0 188.384754844 1.58064350266
"(-150, -75]" -98 85.1737553747 55.0 -4.0 150.959917108 4.82284527079
"(-75, -50]" -57 173.763790973 53.0 -4.0 147.428378871 1.424339248
"(-150, -75]" -98 211.279312498 53.0 -4.0 153.818179453 2.21663145402
"(-75, -50]" -57 176.349387482 54.5 -4.0 139.244735822 1.69007414299
"(-150, -75]" -98 88.4393863128 54.5 -4.0 130.158162599 4.92522277071
"(-75, -50]" -57 160.382099782 53.5 -4.0 136.030266278 1.73027457629
"(-150, -75]" -98 200.484563214 53.5 -4.0 173.965106997 2.33596681962
"(-75, -50]" -57 167.605276272 54.0 -4.0 148.506463837 1.53611377297
"(-150, -75]" -98 187.382068475 54.0 -4.0 169.167657252 2.89086047633
"(-150, -75]" -98 146.212747983 52.5 -4.0 116.721875527 3.10265401965
"(-25, -10]" -17 185.621168178 58.0 -2.0 122.274020816 1.83065232267
"(-50, -25]" -36 184.292599894 58.0 -2.0 217.743895089 1.71705151319
"(-75, -50]" -57 11.0168719797 58.0 -2.0 120.591302348 5.58172226557
"(-150, -75]" -98 269.02 58.0 -2.0 3.30853690448 0.0489474465649
"(-10, 10]" -3 240.827962885 61.0 -2.0 221.383872365 1.62896791936
"(-25, -10]" -17 194.638948334 61.0 -2.0 167.61701471 2.55714462518
"(-50, -25]" -36 233.619717687 61.0 -2.0 169.432033958 2.34375415418
"(-10, 10]" -3 239.529604744 60.5 -2.0 253.149011218 1.26065148083
"(-25, -10]" -17 199.936177869 60.5 -2.0 158.178824736 2.44541458498
"(-50, -25]" -36 208.783070448 60.5 -2.0 156.224661459 2.66792559694
"(-75, -50]" -57 216.29 60.5 -2.0 6.01303449475 0.224967359669
"(-10, 10]" -3 191.380048426 62.5 -2.0 122.341822537 4.29987373521
"(-25, -10]" -17 213.880638228 62.5 -2.0 161.347254907 2.96052565066
"(-50, -25]" -36 209.859044338 62.5 -2.0 134.910455813 3.2639621437
"(-10, 10]" -3 236.8 60.0 -2.0 5.04314870672 0.0742527342359
"(-25, -10]" -17 217.62 60.0 -2.0 4.82484664214 0.140773369479
"(-50, -25]" -36 200.164760149 60.0 -2.0 153.219040411 2.62828492251
"(-75, -50]" -57 174.777731248 60.0 -2.0 204.139421863 2.20103197984
"(-10, 10]" -3 315.639767578 64.0 -2.0 152.787732172 3.81164943209
"(-25, -10]" -17 134.980003883 64.0 -2.0 98.0881980997 5.68728105056
"(-10, 10]" -3 39.5927875459 63.0 -2.0 86.9327211335 8.5877587454
"(-25, -10]" -17 226.577560541 63.0 -2.0 156.060117978 3.01746343514
"(-50, -25]" -36 246.502725614 63.0 -2.0 148.859438438 2.75842154496
"(-10, 10]" -3 260.853238776 61.5 -2.0 160.932512712 2.12865600336
"(-25, -10]" -17 192.770413904 61.5 -2.0 173.190102327 2.72563625145
"(-50, -25]" -36 233.428065154 61.5 -2.0 167.777205005 2.45080825884
"(-10, 10]" -3 229.51 59.5 -2.0 4.77569331725 0.0652233540405
"(-25, -10]" -17 199.52 59.5 -2.0 7.01092058818 0.247858708781
"(-50, -25]" -36 195.644319311 59.5 -2.0 167.6549294 2.39035240693
"(-75, -50]" -57 147.475962159 59.5 -2.0 196.968057662 2.55508288098
"(-10, 10]" -3 247.143539751 62.0 -2.0 143.750777789 2.75202318908
"(-25, -10]" -17 192.690434643 62.0 -2.0 170.302504114 2.88821841965
"(-50, -25]" -36 229.212014488 62.0 -2.0 143.702545476 2.9007945625
"(-25, -10]" -17 184.26 56.5 -2.0 4.53536868755 0.0971099089998
"(-50, -25]" -36 157.14120329 56.5 -2.0 150.881404826 1.967788458
"(-75, -50]" -57 145.209509 56.5 -2.0 131.289509064 3.25260434658
"(-150, -75]" -98 276.053718306 56.5 -2.0 205.479072416 2.27878174177
"(-10, 10]" -3 198.3 58.5 -2.0 4.28837708756 0.0203016606429
"(-25, -10]" -17 198.75 58.5 -2.0 3.75678248494 0.0862704770215
"(-50, -25]" -36 189.161102542 58.5 -2.0 208.366983984 1.81743648012
"(-75, -50]" -57 -10.4732917135 58.5 -2.0 120.43962795 5.87413527289
"(-150, -75]" -98 274.481623525 58.5 -2.0 89.5085664104 3.55186988475
"(-25, -10]" -17 186.35 57.0 -2.0 4.35625053073 0.105521814773
"(-50, -25]" -36 168.371287998 57.0 -2.0 193.428414973 1.70785705232
"(-75, -50]" -57 110.858890849 57.0 -2.0 132.147733495 3.5988667569
"(-150, -75]" -98 232.91 57.0 -2.0 3.62032419011 0.112392770415
"(-25, -10]" -17 189.0 57.5 -2.0 3.79857308758 0.102902131401
"(-50, -25]" -36 178.545645006 57.5 -2.0 218.368258722 1.66859041071
"(-75, -50]" -57 -83.0529526112 57.5 -2.0 89.5452608652 8.10860502624
"(-150, -75]" -98 272.27 57.5 -2.0 3.17403112689 0.0683630176095
"(-10, 10]" -3 220.17 59.0 -2.0 3.34027288543 0.0351122094743
"(-25, -10]" -17 203.76 59.0 -2.0 7.52061642275 0.290944368053
"(-50, -25]" -36 195.854530706 59.0 -2.0 193.822599873 2.00921788105
"(-75, -50]" -57 94.8595475636 59.0 -2.0 161.367508175 3.6059511726
"(-10, 10]" -3 177.316451387 63.5 -2.0 137.969805123 4.85237167205
"(-25, -10]" -17 175.71515094 63.5 -2.0 105.473999506 4.83426777072
"(-10, 10]" -3 236.647299398 64.5 -2.0 156.306488099 4.37119336963
"(-25, -10]" -17 185.095323878 56.0 -2.0 171.612654037 1.09678249275
"(-50, -25]" -36 179.423445985 56.0 -2.0 157.545312912 1.40740914532
"(-75, -50]" -57 167.084083881 56.0 -2.0 162.806341239 2.42090505421
"(-150, -75]" -98 188.833426313 56.0 -2.0 189.60691584 3.05361075468
"(-50, -25]" -36 173.002804846 55.5 -2.0 139.278929178 1.46929763711
"(-75, -50]" -57 184.183918618 55.5 -2.0 209.88339942 1.72623433387
"(-150, -75]" -98 252.175732461 55.5 -2.0 294.082630053 1.84644583568
"(-50, -25]" -36 174.85 55.0 -2.0 8.78194595768 0.524970827753
"(-75, -50]" -57 194.812797793 55.0 -2.0 262.541934473 1.33886386785
"(-150, -75]" -98 200.543792601 55.0 -2.0 271.307588524 1.95735244939
"(-75, -50]" -57 157.08 53.0 -2.0 6.90196907041 0.246130109654
"(-150, -75]" -98 203.86 53.0 -2.0 4.17271780914 0.126951706423
"(-75, -50]" -57 186.94838401 54.5 -2.0 237.021013701 1.25160007271
"(-150, -75]" -98 201.63286943 54.5 -2.0 268.147610665 1.88782472242
"(-75, -50]" -57 175.41 53.5 -2.0 6.88589776572 0.274517761741
"(-150, -75]" -98 172.042799199 53.5 -2.0 160.942775609 2.45775062244
"(-75, -50]" -57 189.628723468 54.0 -2.0 256.157448034 1.07834615412
"(-150, -75]" -98 192.617893401 54.0 -2.0 252.184374864 1.86765426833
"(-150, -75]" -98 205.39 52.5 -2.0 4.49416562328 0.0618787310181
"(-10, 10]" -3 195.05 58.0 0.0 5.544639188 0.220246730906
"(-25, -10]" -17 185.087986606 58.0 0.0 229.421099789 1.2182942346
"(-50, -25]" -36 165.577410334 58.0 0.0 176.662168596 2.32336078512
"(-10, 10]" -3 192.044796605 61.0 0.0 163.90576359 2.39833133672
"(-25, -10]" -17 219.91 61.0 0.0 5.2419243337 0.0635445443751
"(-50, -25]" -36 244.94860534 61.0 0.0 166.170208868 1.95997691083
"(-10, 10]" -3 224.37 60.5 0.0 5.26839619179 0.158959481588
"(-25, -10]" -17 199.89 60.5 0.0 6.04822278088 0.108725646129
"(-50, -25]" -36 238.36 60.5 0.0 4.34742842596 0.0835862836452
"(-10, 10]" -3 221.99 62.5 0.0 5.96891556087 0.173859319155
"(-25, -10]" -17 251.51 62.5 0.0 3.67421940754 0.0523163387518
"(-10, 10]" -3 224.97 60.0 0.0 5.1063033873 0.0619706883191
"(-25, -10]" -17 203.79 60.0 0.0 7.19209850882 0.171362293811
"(-50, -25]" -36 222.48 60.0 0.0 5.03732886225 0.184178549599
"(-10, 10]" -3 96.2228615381 64.0 0.0 82.7744548141 6.80690820815
"(-10, 10]" -3 249.04 63.0 0.0 4.69464585771 0.0734662383305
"(-25, -10]" -17 226.25 63.0 0.0 4.64695979491 0.0674097897025
"(-10, 10]" -3 244.716279415 61.5 0.0 201.657677433 1.86882830436
"(-25, -10]" -17 166.966337685 61.5 0.0 93.7539958922 3.95064914068
"(-10, 10]" -3 200.78 59.5 0.0 7.67157635238 0.153690909324
"(-25, -10]" -17 204.87 59.5 0.0 7.36989868459 0.187114851737
"(-50, -25]" -36 187.96631827 59.5 0.0 159.967847828 2.31851695601
"(-10, 10]" -3 194.038076064 62.0 0.0 163.764460515 2.66023852667
"(-25, -10]" -17 242.15 62.0 0.0 3.61789210367 0.0896087593692
"(-25, -10]" -17 180.896424834 56.5 0.0 141.960559616 1.35631265012
"(-50, -25]" -36 177.829494894 56.5 0.0 229.52866054 1.50427451209
"(-75, -50]" -57 149.518680802 56.5 0.0 96.514092702 4.60988999279
"(-10, 10]" -3 192.59 58.5 0.0 5.72105494097 0.1166791903
"(-25, -10]" -17 171.779096321 58.5 0.0 191.336092437 1.54035628133
"(-50, -25]" -36 178.88614597 58.5 0.0 180.301483419 2.1176048512
"(-25, -10]" -17 176.334324049 57.0 0.0 169.948387435 1.32119061847
"(-50, -25]" -36 177.884954694 57.0 0.0 207.586655986 1.73845414402
"(-75, -50]" -57 289.02 57.0 0.0 3.42171949927 0.0714816109914
"(-10, 10]" -3 175.276101735 57.5 0.0 106.591934792 1.91448887068
"(-25, -10]" -17 183.588695124 57.5 0.0 219.578201087 1.13440631617
"(-50, -25]" -36 184.210003482 57.5 0.0 208.703656192 1.74865459538
"(-10, 10]" -3 193.33 59.0 0.0 7.34279194288 0.242800253138
"(-25, -10]" -17 171.02415735 59.0 0.0 143.0110279 2.13826849413
"(-50, -25]" -36 197.003185661 59.0 0.0 215.323830264 1.78939350314
"(-10, 10]" -3 249.361583139 63.5 0.0 202.783709987 1.89917020684
"(-50, -25]" -36 176.843229599 56.0 0.0 254.319699843 1.2285255353
"(-75, -50]" -57 -41.0128558105 56.0 0.0 68.5977952726 8.57084941589
"(-50, -25]" -36 168.895266037 55.5 0.0 224.558723792 1.22837680566
"(-75, -50]" -57 56.7760084402 55.5 0.0 85.2320882386 5.55913287754
"(-150, -75]" -98 205.041941179 55.5 0.0 116.725420181 2.516832197
"(-75, -50]" -57 181.04 55.0 0.0 4.19749295736 0.0840397606396
"(-150, -75]" -98 226.86 55.0 0.0 3.77204701567 0.0624704120762
"(-10, 10]" -3 191.191323275 58.0 2.0 182.411300107 1.56584633625
"(-25, -10]" -17 182.081692851 58.0 2.0 162.253279089 1.79066753092
"(-50, -25]" -36 175.256456515 58.0 2.0 135.535653866 2.00092974763
"(-10, 10]" -3 256.49 61.0 2.0 3.90194049892 0.0552381319159
"(-25, -10]" -17 189.52 61.0 2.0 4.06255690856 0.0945507777697
"(-10, 10]" -3 203.56 60.5 2.0 6.94382573406 0.100639409584
"(-25, -10]" -17 209.18 60.5 2.0 4.34473554176 0.0722589946516
"(-10, 10]" -3 225.55 62.5 2.0 3.5125968148 0.0631678515384
"(-10, 10]" -3 239.49 60.0 2.0 4.91032024177 0.0444090357355
"(-25, -10]" -17 197.23 60.0 2.0 4.63934811549 0.153965287482
"(-10, 10]" -3 244.45 63.0 2.0 3.21853621308 0.0412640485072
"(-10, 10]" -3 245.53 61.5 2.0 4.71602759926 0.0889986776885
"(-10, 10]" -3 174.946510341 59.5 2.0 132.396429289 1.97018541527
"(-25, -10]" -17 166.66007933 59.5 2.0 122.993558927 2.4719036723
"(-10, 10]" -3 222.14 62.0 2.0 4.01813098497 0.0988073969046
"(-50, -25]" -36 186.360866035 56.5 2.0 184.080040685 1.49885271687
"(-10, 10]" -3 200.03 58.5 2.0 7.79250504421 0.356063872981
"(-25, -10]" -17 188.93 58.5 2.0 7.59143206856 0.225358083163
"(-10, 10]" -3 179.765339643 57.0 2.0 190.639968541 1.3625697983
"(-25, -10]" -17 163.552463821 57.0 2.0 182.6831181 1.62281824036
"(-50, -25]" -36 171.237066479 57.0 2.0 151.125994668 1.84146006031
"(-10, 10]" -3 178.44613284 57.5 2.0 178.975092049 1.58691942545
"(-25, -10]" -17 168.868142055 57.5 2.0 179.226600393 1.71804968817
"(-50, -25]" -36 168.236614219 57.5 2.0 137.919121946 2.10719489906
"(-10, 10]" -3 189.901353138 59.0 2.0 191.766772533 1.35751699061
"(-25, -10]" -17 179.03439347 59.0 2.0 161.208685037 1.95316043268
"(-50, -25]" -36 164.064201256 56.0 2.0 182.364840808 1.57756228414
"(-50, -25]" -36 180.162224219 55.5 2.0 173.844612436 1.37415943828
"(-50, -25]" -36 190.671178967 58.0 -5.0 198.173014136 2.41835557743
"(-75, -50]" -57 190.902995752 58.0 -5.0 249.274754894 2.43295767252
"(-150, -75]" -98 -30.0489992091 58.0 -5.0 167.002303729 6.00613851209
"(-25, -10]" -17 236.805170991 61.0 -5.0 215.553958602 2.36162966658
"(-50, -25]" -36 238.932605085 61.0 -5.0 180.790141307 3.04405710223
"(-75, -50]" -57 -13.0528112839 61.0 -5.0 125.733742745 6.26286260227
"(-150, -75]" -98 75.99558621 61.0 -5.0 103.325965953 8.91319834857
"(-25, -10]" -17 221.7394886 60.5 -5.0 230.464233843 2.04233529451
"(-50, -25]" -36 217.234261826 60.5 -5.0 195.821934338 2.84367023832
"(-75, -50]" -57 9.06076886533 60.5 -5.0 134.786179392 5.95480466569
"(-150, -75]" -98 457.422639049 60.5 -5.0 155.487615896 2.84402120549
"(-50, -25]" -36 196.587650593 62.5 -5.0 126.742530189 4.89534518566
"(-25, -10]" -17 207.690918713 60.0 -5.0 225.808180859 2.14195273386
"(-50, -25]" -36 205.348007054 60.0 -5.0 232.171501981 2.44645316955
"(-75, -50]" -57 -81.3341102626 60.0 -5.0 113.994823246 8.0475730491
"(-150, -75]" -98 406.343667059 60.0 -5.0 138.416536995 3.45902540696
"(-50, -25]" -36 120.823625605 63.0 -5.0 111.651339477 6.5786856028
"(-25, -10]" -17 296.269095283 61.5 -5.0 218.890380581 2.02608413104
"(-50, -25]" -36 192.432569572 61.5 -5.0 135.354757468 4.47032391006
"(-75, -50]" -57 124.04953569 61.5 -5.0 128.89257303 4.95837448748
"(-50, -25]" -36 181.884537463 59.5 -5.0 238.121243704 2.38441002598
"(-75, -50]" -57 77.2800463192 59.5 -5.0 154.632319758 4.91542332897
"(-150, -75]" -98 376.615407355 59.5 -5.0 161.668209027 3.28977350072
"(-50, -25]" -36 177.148325236 62.0 -5.0 111.117949658 5.54396622153
"(-75, -50]" -57 176.503143612 62.0 -5.0 138.12037314 4.38074399711
"(-50, -25]" -36 201.4 56.5 -5.0 5.86444693015 0.126105725691
"(-75, -50]" -57 189.483371402 56.5 -5.0 243.233015847 1.81133870743
"(-150, -75]" -98 -14628.8171068 56.5 -5.0 10.9501519986 1432.83875809
"(-50, -25]" -36 184.935437168 58.5 -5.0 211.07604685 2.41973955759
"(-75, -50]" -57 130.659777175 58.5 -5.0 186.336806657 3.65765526358
"(-150, -75]" -98 107.39381627 58.5 -5.0 160.622985284 5.35435843626
"(-50, -25]" -36 179.73629459 57.0 -5.0 120.430678476 2.9694406232
"(-75, -50]" -57 217.727973995 57.0 -5.0 292.631396597 1.60966893735
"(-150, -75]" -98 -3527.19283611 57.0 -5.0 38.9055303207 115.840281933
"(-50, -25]" -36 -3612.87274109 57.5 -5.0 15.405960821 274.363292095
"(-75, -50]" -57 200.670514033 57.5 -5.0 287.897710608 1.93126580217
"(-150, -75]" -98 -273.150832786 57.5 -5.0 150.079460925 8.38548963883
"(-50, -25]" -36 208.794337879 59.0 -5.0 263.333811787 1.98288529084
"(-75, -50]" -57 165.308474069 59.0 -5.0 187.109762544 3.533468293
"(-150, -75]" -98 188.838129048 59.0 -5.0 138.532757525 5.43703037232
"(-50, -25]" -36 189.16 56.0 -5.0 3.07335467662 0.0844618558951
"(-75, -50]" -57 201.319082258 56.0 -5.0 234.574353165 1.58072434679
"(-150, -75]" -98 -8977.00800422 56.0 -5.0 16.1602100612 618.320087599
"(-75, -50]" -57 184.748798751 55.5 -5.0 216.391576437 1.54011380427
"(-150, -75]" -98 -1639.45649024 55.5 -5.0 48.8675959306 52.990193863
"(-75, -50]" -57 178.537824184 55.0 -5.0 191.330202458 1.45546949919
"(-150, -75]" -98 -98.0336963127 55.0 -5.0 134.001940649 7.1724967276
"(-75, -50]" -57 162.01 53.0 -5.0 3.9170214741 0.0446939525091
"(-150, -75]" -98 158.230734947 53.0 -5.0 199.607946037 2.21619792607
"(-75, -50]" -57 178.573890872 54.5 -5.0 182.425753604 1.33302007026
"(-150, -75]" -98 -132.096530139 54.5 -5.0 126.646706516 7.3034174603
"(-75, -50]" -57 178.384259416 53.5 -5.0 161.005584152 1.09604554673
"(-150, -75]" -98 166.884560819 53.5 -5.0 198.456780526 2.53970670791
"(-75, -50]" -57 182.95 54.0 -5.0 4.89223723193 0.169512650711
"(-150, -75]" -98 143.56131363 54.0 -5.0 189.245649994 3.04079573399
"(-150, -75]" -98 179.945065559 52.5 -5.0 218.432831212 1.77855774004
"(-75, -50]" -57 333.945555454 58.0 -6.0 285.415320564 1.54599554021
"(-150, -75]" -98 -4489.9817753 58.0 -6.0 29.153004426 188.703386546
"(-50, -25]" -36 216.354469228 61.0 -6.0 182.335746093 3.18963247097
"(-75, -50]" -57 289.46911957 61.0 -6.0 166.640813289 2.94087570434
"(-150, -75]" -98 465.892983759 61.0 -6.0 158.933186451 3.29666573527
"(-50, -25]" -36 230.133568743 60.5 -6.0 233.78198228 2.41513319605
"(-75, -50]" -57 236.01 60.5 -6.0 4.30035197028 0.111671058903
"(-150, -75]" -98 394.401261806 60.5 -6.0 137.70721695 3.76340697341
"(-50, -25]" -36 165.079159611 60.0 -6.0 223.629364438 2.83662932986
"(-75, -50]" -57 272.21 60.0 -6.0 3.84543520171 0.0788973849425
"(-150, -75]" -98 184.915143875 60.0 -6.0 117.522344592 6.21387690863
"(-50, -25]" -36 187.78532565 61.5 -6.0 142.510667991 4.40189606595
"(-75, -50]" -57 142.201775503 61.5 -6.0 132.971398139 4.84817721308
"(-50, -25]" -36 202.062193038 59.5 -6.0 248.321392344 2.24216282968
"(-75, -50]" -57 240.762601989 59.5 -6.0 198.740246212 2.84747837122
"(-150, -75]" -98 -36.9517650906 59.5 -6.0 97.8203646679 9.94673882557
"(-50, -25]" -36 207.100574629 62.0 -6.0 132.220071672 4.65307390763
"(-75, -50]" -57 174.270030174 56.5 -6.0 113.418069038 3.48232388151
"(-150, -75]" -98 -6021.1764739 56.5 -6.0 19.175138243 369.785002721
"(-75, -50]" -57 254.307062102 58.5 -6.0 219.026193534 2.50399689405
"(-150, -75]" -98 -1963.96303788 58.5 -6.0 48.6106818012 60.9361402797
"(-75, -50]" -57 103.144918046 57.0 -6.0 99.6644740466 5.25775560646
"(-150, -75]" -98 -8289.57804856 57.0 -6.0 17.0326316101 547.716940087
"(-75, -50]" -57 214.577145914 57.5 -6.0 167.576169214 2.96118965303
"(-150, -75]" -98 -9309.37842492 57.5 -6.0 15.4621561749 669.750823013
"(-50, -25]" -36 161.832693946 59.0 -6.0 198.069199473 2.78397833376
"(-75, -50]" -57 251.366912546 59.0 -6.0 235.69652308 2.39336899547
"(-150, -75]" -98 -13255.6719366 59.0 -6.0 7.81080001818 1821.23154014
"(-75, -50]" -57 181.843320668 56.0 -6.0 103.109674768 3.18068705538
"(-150, -75]" -98 -5841.37202925 56.0 -6.0 17.6758472793 386.540362284
"(-75, -50]" -57 185.126394852 55.5 -6.0 125.476360858 2.22370137952
"(-150, -75]" -98 -20530.3670634 55.5 -6.0 4.61439225483 4646.20587267
"(-75, -50]" -57 185.425980976 55.0 -6.0 141.935950184 1.71968506273
"(-150, -75]" -98 -8359.0828796 55.0 -6.0 8.32120519203 1105.64841829
"(-150, -75]" -98 202.16 53.0 -6.0 3.56325851878 0.0376958871386
"(-75, -50]" -57 203.639783324 54.5 -6.0 175.029513443 1.09718644963
"(-150, -75]" -98 -8869.13284149 54.5 -6.0 6.07647552424 1582.09016569
"(-150, -75]" -98 194.446907591 53.5 -6.0 201.72965335 1.80393617778
"(-150, -75]" -98 -481.187972451 54.0 -6.0 50.6933394052 22.9562664842
"(-150, -75]" -98 194.2 52.5 -6.0 3.66380578514 0.0596703526468
"(-150, -75]" -98 -8444.61005789 58.0 -7.0 17.5532410227 542.763388897
"(-150, -75]" -98 -203.234150874 60.5 -7.0 84.3187564981 14.8980253247
"(-150, -75]" -98 57.3221881174 60.0 -7.0 140.941075693 6.84125461596
"(-150, -75]" -98 -1014.85581643 59.5 -7.0 62.3625716224 33.192153486
"(-150, -75]" -98 -10311.3046769 56.5 -7.0 9.65709661252 1174.65818584
"(-150, -75]" -98 -7327.03642816 58.5 -7.0 18.5102857715 454.628313344
"(-150, -75]" -98 -5552.46713193 57.0 -7.0 16.9746305641 389.991547566
"(-150, -75]" -98 -6327.12907884 57.5 -7.0 17.7631072012 417.101758309
"(-150, -75]" -98 -242438.800326 59.0 -7.0 0.611647359365 398123.219666
"(-150, -75]" -98 -8855.55267832 56.0 -7.0 8.17583725216 1202.92955301
"(-150, -75]" -98 -4535.50684397 55.5 -7.0 10.734036703 504.989574721
"(-150, -75]" -98 211.53 53.0 -7.0 4.96323773462 0.0652303275144
"(-150, -75]" -98 165.035074587 53.5 -7.0 48.4259084568 4.73054361324
"(-150, -75]" -98 200.732631257 52.0 -7.0 35.2379591001 2.86549208585
"(-150, -75]" -98 193.16899677 52.5 -7.0 31.3630525507 3.91699103383
