dst_bin dst_mean loc mlat norm_mlt scale shapeA shapeB
"(-10, 10]" -3 0.0942833811314 58.0 1.0 2.0187050737 1.45071693423 19.5648831311
"(-25, -10]" -17 0.0869348124191 58.0 1.0 245425.854942 1.6565454381 2407791.98367
"(-50, -25]" -36 0.0877843120018 58.0 1.0 8026049.45726 2.67694687348 130617870.98
"(-10, 10]" -3 0.0582615305127 61.0 1.0 24681354.7406 5.28300223262 584431686.572
"(-25, -10]" -17 0.0927118003103 61.0 1.0 128635.087175 2.94470910661 2379965.14616
"(-10, 10]" -3 0.121181787153 60.5 1.0 15971.9715377 1.82506719891 202818.008433
"(-25, -10]" -17 0.0542737274935 60.5 1.0 130790011.522 5.35012701995 3553661748.47
"(-10, 10]" -3 0.122079677771 62.5 1.0 33.7944296287 1.86848034951 361.326140307
"(-10, 10]" -3 0.113960516522 60.0 1.0 3.69010024805 1.88465510552 51.8296107099
"(-25, -10]" -17 0.065272591481 60.0 1.0 0.868563086439 1.27785164475 4.93911102849
"(-10, 10]" -3 0.0773650578579 63.0 1.0 2814902193.62 3.74232901042 50262022573.9
"(-10, 10]" -3 0.1202579009 61.5 1.0 65.5751037143 1.92290660723 655.639751561
"(-25, -10]" -17 0.108311395262 61.5 1.0 33394840.4977 2.35476953748 502620580.957
"(-10, 10]" -3 0.0977955307751 59.5 1.0 6025805.89261 2.10891187485 86964820.6446
"(-25, -10]" -17 0.0992646310661 59.5 1.0 19918.5173504 2.57524920489 347756.339616
"(-50, -25]" -36 0.0987453956471 59.5 1.0 329302.768644 2.33149104034 5020367.58448
"(-10, 10]" -3 0.107299447934 62.0 1.0 551.987981297 2.42122996657 6581.13812525
"(-25, -10]" -17 -0.0230961018868 62.0 1.0 0.986171736609 2.64796633961 6.47129055215
"(-10, 10]" -3 0.09402 56.5 1.0 2.8934805012 0.899425245516 23.9388282957
"(-25, -10]" -17 0.0915759532685 56.5 1.0 1.45917155715 1.0666221871 11.9987045178
"(-50, -25]" -36 0.0617891356763 56.5 1.0 16008786576.6 3.62487729721 3.08248892993e+11
"(-10, 10]" -3 0.079776985936 58.5 1.0 32072420.791 2.2148783636 437727419.639
"(-25, -10]" -17 0.0642895344892 58.5 1.0 694314447.309 3.31783307534 12578518808.8
"(-50, -25]" -36 0.0995766008519 58.5 1.0 137944.715308 1.79864591211 1496175.90429
"(-10, 10]" -3 0.084934736148 57.0 1.0 4538.43304187 1.47614546599 55979.161687
"(-25, -10]" -17 0.0877 57.0 1.0 1.2051647887 0.94233287892 6.43332472594
"(-50, -25]" -36 0.0654857094596 57.0 1.0 161404191.335 3.57936324637 3089228751.65
"(-10, 10]" -3 0.0803801343181 57.5 1.0 1132033079.29 2.25426252253 18309476939.8
"(-25, -10]" -17 0.0933854113298 57.5 1.0 634080908.162 1.2862670223 5217630335.95
"(-50, -25]" -36 0.0933664986312 57.5 1.0 5822682.77217 1.99143409853 71159683.8418
"(-10, 10]" -3 0.0716236602589 59.0 1.0 7439225.63905 3.20695632563 143834630.788
"(-25, -10]" -17 0.101929017737 59.0 1.0 272.132594826 1.58932496769 2946.98310658
"(-50, -25]" -36 0.0941035015091 59.0 1.0 14896291.5731 1.98826549868 182101959.334
"(-10, 10]" -3 0.106678259047 63.5 1.0 33770580.2131 2.70905390684 466624706.134
"(-50, -25]" -36 0.0908834141581 56.0 1.0 56515.7687175 1.64266781853 570224.749521
"(-50, -25]" -36 0.0558902739139 55.5 1.0 2081175763.2 3.52135786974 42645359074.3
"(-25, -10]" -17 0.0943835643411 58.0 -3.0 15.3577955394 1.70125719104 171.166853815
"(-50, -25]" -36 0.061236784746 58.0 -3.0 73415552131.7 3.34803250152 1.11661557461e+12
"(-75, -50]" -57 0.0750681998033 58.0 -3.0 1.71909452543 2.59619050189 14.4330900805
"(-150, -75]" -98 0.0584278727831 58.0 -3.0 340.838163957 9.84956186473 11113.6112616
"(-10, 10]" -3 0.117360503221 61.0 -3.0 59366.5545672 1.7656434397 632163.62226
"(-25, -10]" -17 0.0464048369221 61.0 -3.0 4543316812.31 4.61834578066 73109611831.5
"(-50, -25]" -36 0.0511972161929 61.0 -3.0 368550900.566 5.18762125604 6718500810.03
"(-75, -50]" -57 0.117205004032 61.0 -3.0 1.23522850206 1.42947191723 6.62697954009
"(-10, 10]" -3 0.117492367671 60.5 -3.0 321351.7944 1.55241553321 3375278.50755
"(-25, -10]" -17 0.0896168325795 60.5 -3.0 3394.62523233 3.12224523691 46309.5376944
"(-50, -25]" -36 0.0977642702521 60.5 -3.0 158228.81665 2.96304134326 1987497.9495
"(-75, -50]" -57 0.104602823349 60.5 -3.0 0.970910677104 1.69689529186 5.34994267615
"(-10, 10]" -3 0.0162683607878 62.5 -3.0 3098050694.89 6.7533095488 59851705681.1
"(-25, -10]" -17 0.114749257765 62.5 -3.0 1.92575135438 2.17177487524 13.3891937028
"(-50, -25]" -36 0.118149947296 62.5 -3.0 2.4572170354 2.87729551946 25.9030158434
"(-10, 10]" -3 0.116528393519 60.0 -3.0 116.747366715 1.32175955781 1212.75428929
"(-25, -10]" -17 -0.0144569916704 60.0 -3.0 1.20250517512 4.76502718026 13.6763176773
"(-50, -25]" -36 0.103637779433 60.0 -3.0 420.303710551 2.48502765027 4680.82221964
"(-75, -50]" -57 0.0127920728 60.0 -3.0 204069.30765 5.34761683808 3233190.66978
"(-10, 10]" -3 0.242186088515 64.0 -3.0 0.800004092793 1.37075979106 3.26682170429
"(-25, -10]" -17 -0.0165945173259 64.0 -3.0 5.84653352478 8.90727173885 119.238839578
"(-10, 10]" -3 0.0344420976975 63.0 -3.0 1914037734.11 7.80757209195 39117119233.0
"(-25, -10]" -17 0.124477236022 63.0 -3.0 1.26078660366 2.17595490074 8.94122828709
"(-50, -25]" -36 0.105584585829 63.0 -3.0 71.1727543385 3.96839973822 1139.71948233
"(-10, 10]" -3 0.119218231108 61.5 -3.0 41.0012005813 2.13921621746 477.822184307
"(-25, -10]" -17 0.106910861328 61.5 -3.0 1.437318152 1.95632150197 9.31547479592
"(-50, -25]" -36 0.117118285254 61.5 -3.0 5467.06992098 2.58828126263 62467.297947
"(-75, -50]" -57 0.107727142138 61.5 -3.0 55.2343572282 2.18958703439 561.425172585
"(-10, 10]" -3 0.102148829309 59.5 -3.0 54380.2368626 2.66703614062 1306518.51964
"(-25, -10]" -17 0.107453830186 59.5 -3.0 595.403641654 2.17919350056 7511.19011549
"(-50, -25]" -36 0.100996751173 59.5 -3.0 183.65298093 2.21219980543 1868.29251686
"(-75, -50]" -57 0.0816200623372 59.5 -3.0 0.968150428802 2.30696506974 5.84677828204
"(-150, -75]" -98 -0.00954553044927 59.5 -3.0 17.6204162858 12.3581003995 652.710003264
"(-10, 10]" -3 0.0336531406347 62.0 -3.0 18962696324.9 6.21800398761 4.1274731868e+11
"(-25, -10]" -17 0.102837144498 62.0 -3.0 3.09736303707 2.4646143747 26.3370296425
"(-50, -25]" -36 0.128455493405 62.0 -3.0 1.40650590041 2.1562173023 11.472684885
"(-25, -10]" -17 0.0950576852981 56.5 -3.0 4063110.9043 1.19957278169 43126362.982
"(-50, -25]" -36 -0.0148860992921 56.5 -3.0 1.19498652496 4.23790577003 15.5683176426
"(-75, -50]" -57 0.0784573442427 56.5 -3.0 23082.8322412 2.32590898465 247940.464694
"(-150, -75]" -98 0.0915462361646 56.5 -3.0 0.973141300128 2.43818527776 4.22844987192
"(-25, -10]" -17 0.0939194425606 58.5 -3.0 3976838.70755 2.18873462669 56776488.4184
"(-50, -25]" -36 0.100426112904 58.5 -3.0 2.87258414899 1.53755066931 19.9067575861
"(-75, -50]" -57 0.0502491707104 58.5 -3.0 3.73759684112 3.56908394403 41.0528378662
"(-150, -75]" -98 -0.0622558158038 58.5 -3.0 4374.86023602 19.5578117319 213338.2382
"(-25, -10]" -17 0.0893609977484 57.0 -3.0 16471.8006342 1.50246187929 175226.06522
"(-50, -25]" -36 -0.00934087645005 57.0 -3.0 1.41430936845 4.08610026425 17.3695068752
"(-75, -50]" -57 0.0844185473114 57.0 -3.0 337.391995306 2.26092948708 3505.4722587
"(-150, -75]" -98 0.120302257753 57.0 -3.0 3673666340.19 4.60197099356 54035726550.6
"(-25, -10]" -17 0.08879388174 57.5 -3.0 1425155.43316 1.65997200494 15584877.1095
"(-50, -25]" -36 0.0565599073133 57.5 -3.0 3487991829.36 3.430031479 57694097564.1
"(-75, -50]" -57 0.0497963903397 57.5 -3.0 37717464914.1 3.96222157944 5.75666067235e+11
"(-150, -75]" -98 0.0934815185132 57.5 -3.0 230725.163521 4.8238118988 3538932.08857
"(-25, -10]" -17 0.0507890923096 59.0 -3.0 525614773.677 4.56645059154 11262222959.0
"(-50, -25]" -36 0.0885671494563 59.0 -3.0 622.195053828 2.19410671279 6099.5133723
"(-75, -50]" -57 0.0976176450936 59.0 -3.0 0.738372740817 1.55381455258 2.79549396592
"(-150, -75]" -98 -0.025075366712 59.0 -3.0 0.940978013396 6.07325827304 10.0415493417
"(-10, 10]" -3 0.0676343889124 63.5 -3.0 168545371.683 5.96767645239 2549838403.95
"(-25, -10]" -17 0.0924158853014 63.5 -3.0 27.9121509327 4.05822622123 377.160294102
"(-50, -25]" -36 -0.0187416743193 63.5 -3.0 1.1347297323 5.09755896477 10.8867342504
"(-50, -25]" -36 0.08988499993 56.0 -3.0 0.80315137101 0.71540319966 4.41872158158
"(-75, -50]" -57 0.0845234284949 56.0 -3.0 104454.544971 2.02545345695 1045417.12661
"(-150, -75]" -98 0.0863109767541 56.0 -3.0 1.03372086062 2.27231965046 4.58159946315
"(-50, -25]" -36 0.0885265925572 55.5 -3.0 110.440543228 1.82428258261 1951.80851842
"(-75, -50]" -57 0.094194579927 55.5 -3.0 53.4729785698 1.62710035913 493.040806959
"(-150, -75]" -98 0.120589968434 55.5 -3.0 0.920172576174 1.70246300827 3.76704945329
"(-50, -25]" -36 0.039421531349 55.0 -3.0 3327619133.97 6.42599681347 1.59749858405e+11
"(-75, -50]" -57 0.0892621566389 55.0 -3.0 38.904323316 1.41662387933 345.464529123
"(-150, -75]" -98 0.020000657206 55.0 -3.0 38476214.0523 5.29315994403 547300870.455
"(-75, -50]" -57 -0.0137181304448 53.0 -3.0 1.23586217254 4.40976129173 19.7968739059
"(-150, -75]" -98 0.0573082244156 53.0 -3.0 15497734894.9 4.17494461455 3.25822562112e+11
"(-75, -50]" -57 0.0918071584053 54.5 -3.0 0.973176412545 1.2065468625 7.77228129414
"(-150, -75]" -98 0.035438053514 54.5 -3.0 1658566972.91 5.11768974565 26685345444.0
"(-75, -50]" -57 0.08327 53.5 -3.0 0.507842670194 0.988467311795 2.79144647634
"(-150, -75]" -98 -0.0103477684028 53.5 -3.0 1.33628495282 3.71594271153 13.3170376565
"(-75, -50]" -57 0.0861256802323 54.0 -3.0 0.9791918418 1.19451611443 8.54760322133
"(-150, -75]" -98 0.107203810849 54.0 -3.0 78.5875095847 1.97652774358 741.67239693
"(-150, -75]" -98 0.0947173620869 52.5 -3.0 0.506329899865 1.68668504323 3.67981539019
"(-10, 10]" -3 0.0637413006641 58.0 -1.0 1.05183965502e+11 6.58029478907 6.34257194693e+12
"(-25, -10]" -17 0.0348076346237 58.0 -1.0 1.20296193121e+12 6.74416757877 5.32340310872e+13
"(-50, -25]" -36 0.0936131223133 58.0 -1.0 3.13312716721 1.56575218074 25.930055847
"(-75, -50]" -57 0.0800211954486 58.0 -1.0 1.22387520458 3.07236472693 9.98002293471
"(-10, 10]" -3 0.120949900417 61.0 -1.0 22.2146246756 1.63548914834 230.778946009
"(-25, -10]" -17 0.0281034724552 61.0 -1.0 2064787749.0 6.30462866507 50162576819.5
"(-50, -25]" -36 -0.0144346984444 61.0 -1.0 1.24731256446 4.81470190991 14.4589270726
"(-10, 10]" -3 0.115987124736 60.5 -1.0 9450.86164047 1.64463507136 113778.140692
"(-25, -10]" -17 0.0897906867813 60.5 -1.0 20398.9396278 2.66019844192 283870.674638
"(-50, -25]" -36 0.102664573663 60.5 -1.0 62.0631241578 2.60561430252 879.076800718
"(-10, 10]" -3 0.0863281070271 62.5 -1.0 3.53390015611 3.85604060254 51.4935623192
"(-25, -10]" -17 0.116942312153 62.5 -1.0 86.2790104601 3.09969593585 1465.87999563
"(-10, 10]" -3 0.109689954269 60.0 -1.0 7.7644612741 1.64590523714 99.7100334926
"(-25, -10]" -17 0.100076994826 60.0 -1.0 179425518.516 2.04295786162 2199128118.63
"(-50, -25]" -36 0.0266249189454 60.0 -1.0 118188289.821 6.33494538107 2971392810.38
"(-10, 10]" -3 0.0108480173405 64.0 -1.0 9118447948.82 9.19289054476 2.27569035957e+11
"(-10, 10]" -3 0.125748361396 63.0 -1.0 1.59807161503 2.50974054394 15.5354506345
"(-25, -10]" -17 0.0926005172904 63.0 -1.0 1230.18353451 4.41758777146 25798.1456713
"(-10, 10]" -3 0.109404078548 61.5 -1.0 239.742860588 2.1889483923 2703.36364671
"(-25, -10]" -17 0.101428468663 61.5 -1.0 485803.69494 2.71144054935 6627148.27133
"(-50, -25]" -36 -0.0109804170253 61.5 -1.0 1.38383685935 5.93650921496 19.7931687715
"(-10, 10]" -3 0.100628435814 59.5 -1.0 707.208817873 2.04627838655 11445.83219
"(-25, -10]" -17 0.108935842625 59.5 -1.0 5100.4525679 1.58225866977 56008.1026273
"(-50, -25]" -36 0.0992754429516 59.5 -1.0 331961.04195 1.95542882793 3515854.13954
"(-10, 10]" -3 0.0610881618028 62.0 -1.0 5484949.51772 5.13091625197 106238362.175
"(-25, -10]" -17 -0.0187230119959 62.0 -1.0 1.15087832469 5.4209750974 14.3918944303
"(-50, -25]" -36 0.122725378089 62.0 -1.0 22.6468830924 2.3893031905 275.700441312
"(-25, -10]" -17 0.0938562162057 56.5 -1.0 20.2828462976 1.2476986315 303.31549586
"(-50, -25]" -36 0.0908168736899 56.5 -1.0 126.124716533 1.27086443663 1033.93256504
"(-75, -50]" -57 0.000432799654238 56.5 -1.0 1.66119995413 5.75871997949 27.8331959075
"(-10, 10]" -3 0.103369101263 58.5 -1.0 0.888589494915 1.79553722282 16.211049854
"(-25, -10]" -17 0.092139809442 58.5 -1.0 66265566910.1 1.86427287827 1.0792591339e+12
"(-50, -25]" -36 0.0950105616878 58.5 -1.0 12.6386014304 1.70978338971 115.548750841
"(-75, -50]" -57 0.0906073864346 58.5 -1.0 5.11966413169 3.09972003724 59.9692903148
"(-25, -10]" -17 0.086239274654 57.0 -1.0 141895.992123 1.61840836755 2193164.55517
"(-50, -25]" -36 0.0861234984963 57.0 -1.0 1653.2375263 1.52684458136 13653.9513992
"(-75, -50]" -57 0.0833349856703 57.0 -1.0 63.4517968184 3.2830924874 886.917192536
"(-25, -10]" -17 0.0959150274317 57.5 -1.0 11.3623365078 1.46698700437 180.922057531
"(-50, -25]" -36 0.0908702299976 57.5 -1.0 1.7670976321 1.35883252033 11.8251036942
"(-75, -50]" -57 -0.0086387513619 57.5 -1.0 1.41776608823 4.81939123855 14.1817500118
"(-10, 10]" -3 0.11164504563 59.0 -1.0 5.89986848091 1.76894215833 103.983351628
"(-25, -10]" -17 0.0991844342602 59.0 -1.0 25995.4264706 1.75802224832 342374.265069
"(-50, -25]" -36 0.0971266805577 59.0 -1.0 334.79643439 1.6995304107 3056.22326615
"(-10, 10]" -3 0.117839219814 63.5 -1.0 1.13628484274 2.6505352726 9.25074260497
"(-25, -10]" -17 0.106970133324 63.5 -1.0 66.5545404645 4.52576545946 1494.34738456
"(-50, -25]" -36 0.0838284558828 56.0 -1.0 14493.1554829 1.31921339259 150867.499467
"(-75, -50]" -57 0.0856487242614 56.0 -1.0 33425163.1453 2.75788659462 481452228.828
"(-150, -75]" -98 0.0929224948341 56.0 -1.0 2.97443300743 2.97545760579 46.6502808989
"(-50, -25]" -36 0.0888891995005 55.5 -1.0 74760394.8502 1.53105911586 1461256750.17
"(-75, -50]" -57 0.0925285613881 55.5 -1.0 41.0772639101 1.56211036278 334.828384716
"(-150, -75]" -98 0.0668801451861 55.5 -1.0 4420981021.44 4.24308061822 84275398267.1
"(-75, -50]" -57 0.110414551195 55.0 -1.0 1.06803083996e+12 1.57245444173 1.21226112353e+13
"(-150, -75]" -98 0.120766761562 55.0 -1.0 10239.6420107 1.41255346123 77100.762296
"(-75, -50]" -57 0.0944543610491 54.5 -1.0 1686.87078393 1.12776561954 11927.2788015
"(-150, -75]" -98 0.100450409663 54.5 -1.0 5.6151273217 1.6883467116 48.3427895741
"(-75, -50]" -57 0.0855772920259 53.5 -1.0 1037436.25282 1.40421543285 10195639.4025
"(-150, -75]" -98 0.0929207117888 53.5 -1.0 244303.295678 1.93274608278 3363608.33719
"(-75, -50]" -57 0.0857852002752 54.0 -1.0 46.0556726837 1.10131957932 293.114955139
"(-150, -75]" -98 0.0885514500543 54.0 -1.0 8062.51335626 2.63601734005 119617.335974
"(-25, -10]" -17 0.093629771103 58.0 -4.0 672272.903691 1.738774408 6623436.58127
"(-50, -25]" -36 0.0969087280275 58.0 -4.0 2.80253245269 1.87455045479 22.2878308664
"(-75, -50]" -57 0.0658408783096 58.0 -4.0 40209743889.4 3.84979055546 5.11731262786e+11
"(-150, -75]" -98 0.145902061061 58.0 -4.0 608.798025566 3.57337494537 7263.03160026
"(-10, 10]" -3 0.000297329727499 61.0 -4.0 1.66579786659 5.26582607288 25.4144256457
"(-25, -10]" -17 0.0563596139751 61.0 -4.0 2.67230526008 4.19083246914 34.4411331864
"(-50, -25]" -36 0.12336327116 61.0 -4.0 2.26784001092 2.62713235922 21.2127628073
"(-75, -50]" -57 0.0475899949649 61.0 -4.0 1.2909122962 4.36671025005 13.0863466141
"(-25, -10]" -17 0.0907827891085 60.5 -4.0 47714.1213133 3.58264082368 716346.4943
"(-50, -25]" -36 0.0323321736592 60.5 -4.0 573136439.229 6.20845434594 10805733806.6
"(-75, -50]" -57 0.0784174266153 60.5 -4.0 1.11360462074 3.1955766944 8.96267265131
"(-10, 10]" -3 0.125857617791 62.5 -4.0 0.592652927261 1.62943373816 3.42945969397
"(-25, -10]" -17 0.113377347444 62.5 -4.0 1.90229321609 2.36866984954 13.7826042772
"(-50, -25]" -36 0.0657617103539 62.5 -4.0 16340.0341379 4.97138945736 250636.30003
"(-25, -10]" -17 0.0320459873025 60.0 -4.0 172244638.423 5.98748196417 3720398473.97
"(-50, -25]" -36 0.101369162598 60.0 -4.0 2.17079902644 2.32854723002 17.4154276262
"(-75, -50]" -57 -0.0211646650154 60.0 -4.0 194805.901091 7.69006883713 3673470.25715
"(-150, -75]" -98 0.0676252957908 60.0 -4.0 532852762.934 6.52801038043 10519554729.1
"(-25, -10]" -17 -0.00923630660591 64.0 -4.0 85995.1492669 8.79474302488 1701832.03359
"(-10, 10]" -3 0.00900770974531 63.0 -4.0 1309891011.64 8.46749436556 32760840131.7
"(-25, -10]" -17 0.0987086842402 63.0 -4.0 2.96615971762 3.53867912378 31.4385677236
"(-50, -25]" -36 0.0903869146694 63.0 -4.0 7.84208792384 4.03192822284 99.3923528999
"(-10, 10]" -3 0.0927132526194 61.5 -4.0 1.64263030478 2.51453794473 19.0261590762
"(-25, -10]" -17 0.0672886697717 61.5 -4.0 2.2340193588 3.75299217677 24.1243224219
"(-50, -25]" -36 0.118717194898 61.5 -4.0 10.7573092961 3.14598788274 131.170384231
"(-75, -50]" -57 0.0711124211565 61.5 -4.0 0.956552604427 3.8796350925 8.85414414068
"(-25, -10]" -17 0.0819932664628 59.5 -4.0 66041272.5128 3.47274351678 989552607.854
"(-50, -25]" -36 0.0702991536261 59.5 -4.0 24990075049.9 3.46981027398 3.14661022089e+11
"(-75, -50]" -57 0.0856628980817 59.5 -4.0 1.22020270963 2.83655948724 8.49220693693
"(-150, -75]" -98 -0.00740273952549 59.5 -4.0 232686.355801 8.44331162103 4795897.82745
"(-10, 10]" -3 0.100577710956 62.0 -4.0 0.799971874019 2.09999106143 6.38469395024
"(-25, -10]" -17 0.103090732174 62.0 -4.0 2.28939260183 2.69937022232 19.8434833013
"(-50, -25]" -36 0.0327100016475 62.0 -4.0 222633657.166 6.80865057224 4500395640.14
"(-75, -50]" -57 -0.00943224617124 62.0 -4.0 1.3895435946 6.51698832195 18.2284199584
"(-50, -25]" -36 0.0948109051843 56.5 -4.0 4965047.1021 2.01722137578 69641339.7062
"(-75, -50]" -57 0.0903153368693 56.5 -4.0 132.643471476 1.89808622897 1048.00197305
"(-150, -75]" -98 0.0972683641009 56.5 -4.0 0.943829494297 1.93304755 2.67626717201
"(-25, -10]" -17 0.0938041540239 58.5 -4.0 356395119.597 1.93901653453 3475539940.06
"(-50, -25]" -36 0.101910694765 58.5 -4.0 1.29389838715 1.6204645309 7.84239143507
"(-75, -50]" -57 0.0860933382876 58.5 -4.0 1.37452877478 2.43620404372 8.73600619012
"(-150, -75]" -98 -0.00231004097093 58.5 -4.0 1.60109171027 5.79331189944 15.8742287305
"(-50, -25]" -36 0.0964508918946 57.0 -4.0 10179941.5278 2.08929944678 122142974.253
"(-75, -50]" -57 0.0574433293071 57.0 -4.0 1018893.58321 3.49162638943 12811248.4139
"(-150, -75]" -98 0.0538551259009 57.0 -4.0 1.05144322401 2.5739613792 3.78565343249
"(-50, -25]" -36 0.102603067433 57.5 -4.0 2.71654149717 1.85618317608 24.5758998748
"(-75, -50]" -57 0.0996135339469 57.5 -4.0 40757.093529 1.97155436289 317157.861437
"(-150, -75]" -98 0.0532572392748 57.5 -4.0 1.45836134371 3.73333337054 9.44517015422
"(-25, -10]" -17 0.0880016490533 59.0 -4.0 2.09154600307e+11 2.8727967836 2.84487083822e+12
"(-50, -25]" -36 0.103343680818 59.0 -4.0 1.53072530689 1.79328011716 9.60581599595
"(-75, -50]" -57 0.0790926805903 59.0 -4.0 2.09144682952 2.91707121569 16.2665176653
"(-150, -75]" -98 0.0723865660952 59.0 -4.0 20.1969037716 5.28046320401 311.966103695
"(-25, -10]" -17 0.0845645524021 63.5 -4.0 3.22380371817 3.77050536765 33.5420272382
"(-50, -25]" -36 0.0197763214044 63.5 -4.0 308158.090196 6.74296306818 5614165.54298
"(-50, -25]" -36 0.0920554656512 56.0 -4.0 990253.694462 1.80542026257 15158441.1406
"(-75, -50]" -57 0.0828853109536 56.0 -4.0 5304800182.23 1.89229286589 47256840355.3
"(-150, -75]" -98 0.121688263393 56.0 -4.0 0.882674500424 1.46898789203 2.32270040148
"(-50, -25]" -36 0.0558102893664 55.5 -4.0 5141425770.68 4.82172897616 1.89489448439e+11
"(-75, -50]" -57 0.0853186729164 55.5 -4.0 3671722.19746 1.59097826703 31658254.9131
"(-150, -75]" -98 0.105206108816 55.5 -4.0 0.942310666112 1.82068221711 3.49908237988
"(-75, -50]" -57 0.073276830321 55.0 -4.0 22320622507.0 2.71983214864 3.91252639696e+11
"(-150, -75]" -98 0.11324556506 55.0 -4.0 1.03558442878 2.04554295987 5.188400955
"(-75, -50]" -57 0.0874343803914 53.0 -4.0 1.09467545695 1.27686670733 12.1579538956
"(-150, -75]" -98 0.112512113811 53.0 -4.0 0.695133383405 1.53805285301 5.01606336691
"(-75, -50]" -57 0.0347645730661 54.5 -4.0 120490014.831 5.1412385851 3694644979.47
"(-150, -75]" -98 0.00262702331027 54.5 -4.0 1.72271025114 5.08524194899 19.0783290042
"(-75, -50]" -57 0.0455655053803 53.5 -4.0 8245360.05654 4.06390087575 226265432.014
"(-150, -75]" -98 0.10679399102 53.5 -4.0 0.860991855312 1.68009895681 5.68602366543
"(-75, -50]" -57 0.0336525340794 54.0 -4.0 4211450074.54 4.79918475216 1.26326069719e+11
"(-150, -75]" -98 -0.00217330860201 54.0 -4.0 1.60936562425 4.73310195503 17.590427413
"(-150, -75]" -98 -0.00500561154838 52.5 -4.0 1.51862205375 5.80312548382 28.167101756
"(-25, -10]" -17 0.0929439673622 58.0 -2.0 60077.8619342 1.74908059588 927502.977907
"(-50, -25]" -36 0.0923526882939 58.0 -2.0 1.65601892913 1.54345153358 12.1387511804
"(-75, -50]" -57 0.0577192833668 58.0 -2.0 1.34035323854 2.97568288651 11.0570580575
"(-150, -75]" -98 0.0366225784857 58.0 -2.0 12778.1774429 9.9709246663 469391.975025
"(-10, 10]" -3 0.120484970001 61.0 -2.0 24991.4066766 1.6161185931 223641.057231
"(-25, -10]" -17 0.0541691999046 61.0 -2.0 1588612758.25 4.6245637714 29063344038.8
"(-50, -25]" -36 0.117176532123 61.0 -2.0 12.3911802569 2.29428745847 141.037851145
"(-10, 10]" -3 0.0869445476534 60.5 -2.0 909283314.332 2.99855649188 15204032188.2
"(-25, -10]" -17 0.0998681977132 60.5 -2.0 36545.6547984 2.45343115885 463529.78362
"(-50, -25]" -36 0.104727489705 60.5 -2.0 32879.1081434 2.62507805688 413823.204638
"(-75, -50]" -57 0.0251104229498 60.5 -2.0 525174264.941 4.76819724656 9354782799.52
"(-10, 10]" -3 0.0582034881771 62.5 -2.0 1.42303731715 4.2055302753 14.9658056094
"(-25, -10]" -17 0.0781560152311 62.5 -2.0 511438064.944 4.25748540098 8223629022.22
"(-50, -25]" -36 0.105370169608 62.5 -2.0 17.1964189575 3.20868502847 247.886330378
"(-10, 10]" -3 0.118245341781 60.0 -2.0 83924.2291794 1.20722609227 725197.849388
"(-25, -10]" -17 0.0735583823639 60.0 -2.0 8530930960.83 4.02186062093 1.71245265715e+11
"(-50, -25]" -36 0.0997583960795 60.0 -2.0 23.1325193491 2.63442747056 299.459837578
"(-75, -50]" -57 0.0407000804988 60.0 -2.0 198937760.101 3.87188628287 2861110387.01
"(-10, 10]" -3 0.156433650135 64.0 -2.0 8.20347762635 3.82848884097 103.539504157
"(-25, -10]" -17 -0.0103064204825 64.0 -2.0 1.37195212146 6.80063888578 19.3233194326
"(-10, 10]" -3 -0.00421702206193 63.0 -2.0 1.53724667519 7.04660054253 20.1857938217
"(-25, -10]" -17 0.048218894301 63.0 -2.0 150345111.927 5.94392627654 3003204003.57
"(-50, -25]" -36 0.127830710728 63.0 -2.0 2.50197769497 2.39915575669 27.5050669584
"(-10, 10]" -3 0.134989321227 61.5 -2.0 1.26415585835 1.71806268047 11.2969249103
"(-25, -10]" -17 0.0305578920361 61.5 -2.0 24978582529.1 5.5325672163 4.63619816982e+11
"(-50, -25]" -36 0.0629382840002 61.5 -2.0 1.00625514415e+11 4.97798448218 1.96632574467e+12
"(-10, 10]" -3 0.114378738763 59.5 -2.0 3886180.42269 1.37994916216 46186807.1135
"(-25, -10]" -17 0.0756539439662 59.5 -2.0 204734201.318 3.97100246108 4693614118.77
"(-50, -25]" -36 0.0978238355103 59.5 -2.0 4734.52184006 2.39019979535 56473.8203503
"(-75, -50]" -57 0.103621504638 59.5 -2.0 0.821123566619 1.2072819643 3.28607721831
"(-10, 10]" -3 0.124153911467 62.0 -2.0 6.77141084728 2.72924929187 90.8024845316
"(-25, -10]" -17 0.0955847226232 62.0 -2.0 10991.4835651 2.93105373399 130771.57306
"(-50, -25]" -36 0.116503026384 62.0 -2.0 4.23317329227 2.70398168138 52.7186688899
"(-25, -10]" -17 0.0864710137226 56.5 -2.0 22895178.6584 2.17793206371 538742043.382
"(-50, -25]" -36 0.0785059985872 56.5 -2.0 35535268.9391 1.99730381078 479763556.199
"(-75, -50]" -57 0.0296372686209 56.5 -2.0 1533.85932075 5.48603079077 32827.5713675
"(-150, -75]" -98 0.149064714878 56.5 -2.0 1.4286454268 1.66509231388 9.00230005139
"(-10, 10]" -3 0.0641545848611 58.5 -2.0 3973.26778079 6.1471409337 203339.911143
"(-25, -10]" -17 0.0989697463743 58.5 -2.0 888330.928891 1.78311006515 13496816.5562
"(-50, -25]" -36 0.0951507745658 58.5 -2.0 1.54213429836 1.60681138242 11.5170102759
"(-75, -50]" -57 0.0742887070214 58.5 -2.0 0.884151477615 2.20923874152 4.92072129175
"(-150, -75]" -98 0.136840996634 58.5 -2.0 1415537.00015 3.58443092024 31852260.9708
"(-25, -10]" -17 0.0594369927972 57.0 -2.0 29733667618.5 4.13079438444 9.15760866754e+11
"(-50, -25]" -36 0.0841827040208 57.0 -2.0 5823.29236781 1.7086246144 60242.7411166
"(-75, -50]" -57 0.0719727458322 57.0 -2.0 1.00112537797 2.25990719426 7.92478373486
"(-150, -75]" -98 0.0876909390341 57.0 -2.0 46099.9358249 4.15161028479 726146.434601
"(-25, -10]" -17 0.0940649422905 57.5 -2.0 65.136666426 1.73032271965 1003.84283939
"(-50, -25]" -36 0.0896879005893 57.5 -2.0 1.17610102217 1.43231850432 7.82901967231
"(-75, -50]" -57 0.0728515082054 57.5 -2.0 0.79419886619 2.30796312919 5.0720164024
"(-150, -75]" -98 0.00313561997099 57.5 -2.0 5295.49795454 12.2052640047 207461.483031
"(-10, 10]" -3 0.108688644431 59.0 -2.0 15329.5961239 1.85218399181 283066.423034
"(-25, -10]" -17 0.0830621837867 59.0 -2.0 156810243.948 3.07013164135 3285778711.01
"(-50, -25]" -36 0.0979416092837 59.0 -2.0 175.868824801 2.00678482143 1810.66862824
"(-75, -50]" -57 0.0757470983285 59.0 -2.0 1.33291739465 2.23277622031 9.09803318633
"(-10, 10]" -3 0.114197720221 63.5 -2.0 2.06449656575 3.44064172316 19.5316521973
"(-25, -10]" -17 0.0389337898785 63.5 -2.0 1.08999815117 4.57823429897 11.804208117
"(-10, 10]" -3 -0.000758159436476 64.5 -2.0 31137453.9484 9.02051432876 611877621.264
"(-25, -10]" -17 0.0859231295677 56.0 -2.0 19482177288.4 2.19061945478 4.9531049705e+11
"(-50, -25]" -36 0.0896972118786 56.0 -2.0 14.5809145473 1.40807112143 183.915777419
"(-75, -50]" -57 0.0544021915405 56.0 -2.0 45058624369.4 4.18549705967 8.59955623497e+11
"(-150, -75]" -98 0.0879528074107 56.0 -2.0 152934.034388 3.30551498866 1714140.62863
"(-50, -25]" -36 0.0864910669621 55.5 -2.0 629.279763004 1.48536345944 9170.62666984
"(-75, -50]" -57 0.0921014768547 55.5 -2.0 42314.7469256 1.72204099626 401993.472379
"(-150, -75]" -98 0.131515219087 55.5 -2.0 1.089107823 1.32816719928 4.10036991207
"(-50, -25]" -36 0.0495060962612 55.0 -2.0 43854533999.1 4.26404679323 1.47048051171e+12
"(-75, -50]" -57 0.0974817879237 55.0 -2.0 151253.230222 1.3058992676 1112723.47879
"(-150, -75]" -98 0.101626641324 55.0 -2.0 1.96085850837 1.69173400694 10.8539483003
"(-75, -50]" -57 0.0757261566917 53.0 -2.0 285.961767112 1.87227124328 4554.05749575
"(-150, -75]" -98 -0.0174368557076 53.0 -2.0 1.16448175953 4.60499565184 15.0418559724
"(-75, -50]" -57 0.0935072352358 54.5 -2.0 40478.2737778 1.21861169164 328500.320246
"(-150, -75]" -98 0.102278366532 54.5 -2.0 1.6219453155 1.59220841699 8.65633017093
"(-75, -50]" -57 0.087392288843 53.5 -2.0 4.79518947401 1.27391454405 48.7019214513
"(-150, -75]" -98 -0.0152727423067 53.5 -2.0 1.25529199205 4.19358224847 13.3411060022
"(-75, -50]" -57 0.0948148348273 54.0 -2.0 233.029032723 1.07773460213 1817.28583347
"(-150, -75]" -98 0.0967517111043 54.0 -2.0 6.47366133991 1.79673848976 47.6858735657
"(-150, -75]" -98 0.0993020368261 52.5 -2.0 540.976374376 1.9759552106 7218.47772615
"(-10, 10]" -3 -0.0257082238608 58.0 0.0 0.988101963958 3.23827907374 9.85024856825
"(-25, -10]" -17 0.0925498106675 58.0 0.0 72839.4836907 1.20399867976 623951.511642
"(-50, -25]" -36 0.0832360933215 58.0 0.0 81233.9819605 2.26764445782 895643.548694
"(-10, 10]" -3 0.0958142161 61.0 0.0 56821634.8506 2.43504716832 705196885.681
"(-25, -10]" -17 0.10857146042 61.0 0.0 68089.9348459 2.49781374012 1090860.60277
"(-50, -25]" -36 0.122510211033 61.0 0.0 86.3268047689 1.95528376694 1034.80256059
"(-10, 10]" -3 0.110674857414 60.5 0.0 41745.0763625 1.91674205599 501625.088915
"(-25, -10]" -17 0.0989346173324 60.5 0.0 70557.4032513 2.46456991054 1051968.17556
"(-50, -25]" -36 0.117179570951 60.5 0.0 332.351927661 2.04586290314 3942.40376892
"(-10, 10]" -3 0.107760996976 62.5 0.0 1938.68095399 2.33610009855 22423.8194755
"(-25, -10]" -17 0.123434767481 62.5 0.0 2705.16331351 2.35748274397 37176.9138814
"(-10, 10]" -3 0.0729527202643 60.0 0.0 199565.147575 4.59012192175 5191661.50528
"(-25, -10]" -17 0.101370261122 60.0 0.0 2632195.32703 2.02660059325 32511800.1686
"(-50, -25]" -36 -0.0157969512915 60.0 0.0 1.21523911601 4.22846344412 12.4151813302
"(-10, 10]" -3 0.122958403016 64.0 0.0 0.761256562404 2.397517179 6.43636090942
"(-10, 10]" -3 0.0788150889813 63.0 0.0 48436940955.6 3.76891610336 7.90230892158e+11
"(-25, -10]" -17 0.0644816593409 63.0 0.0 6745250.02268 6.1432166413 194387245.655
"(-10, 10]" -3 0.122382433024 61.5 0.0 22.6839906576 1.85402753669 221.389252673
"(-25, -10]" -17 0.0847882869521 61.5 0.0 946135.679075 3.66872918593 18724287.532
"(-10, 10]" -3 0.0991455162252 59.5 0.0 2369.78135591 2.0148106922 35196.9784218
"(-25, -10]" -17 0.101726586554 59.5 0.0 4846582.76262 1.83086138233 56896853.9328
"(-50, -25]" -36 0.0939945028675 59.5 0.0 160.853370881 2.3154478447 2006.15477564
"(-10, 10]" -3 0.0978358147001 62.0 0.0 10561565.8151 2.51176091059 121008720.601
"(-25, -10]" -17 0.0116383124889 62.0 0.0 3.68682935248e+11 9.01973400187 1.23066985289e+13
"(-25, -10]" -17 0.0889791531621 56.5 0.0 164958465.324 1.87625407387 3488782052.45
"(-50, -25]" -36 0.0890429359483 56.5 0.0 56325.7865896 1.45781197682 470643.929584
"(-75, -50]" -57 0.0309961938997 56.5 0.0 26943722.5895 7.26436248905 737944775.623
"(-10, 10]" -3 0.0505690714583 58.5 0.0 959446731.144 4.13483598354 21292922673.7
"(-25, -10]" -17 0.0858943501169 58.5 0.0 62852.6391506 1.53873308009 656175.319631
"(-50, -25]" -36 0.0891960167565 58.5 0.0 1315695.69397 2.17329996572 15045636.2273
"(-25, -10]" -17 0.0763529213805 57.0 0.0 1597662156.27 2.54589999713 36174898556.8
"(-50, -25]" -36 0.0890604989934 57.0 0.0 49793.8751503 1.72376585301 475040.28359
"(-75, -50]" -57 0.134777280591 57.0 0.0 39.9892407149 2.5308388651 565.338728181
"(-10, 10]" -3 0.0821425316452 57.5 0.0 28946519.3257 2.55764484577 710135604.219
"(-25, -10]" -17 0.091811113943 57.5 0.0 1879.49725643 1.08932823749 16072.0771381
"(-50, -25]" -36 0.0781652399991 57.5 0.0 14012764415.3 2.50174078433 1.84003828911e+11
"(-10, 10]" -3 0.0686927972632 59.0 0.0 4596362016.75 3.2318618511 88469781049.9
"(-25, -10]" -17 0.085534618788 59.0 0.0 23931124.8805 2.13123910585 333368892.387
"(-50, -25]" -36 0.0507929700914 59.0 0.0 6.34726330959e+11 3.97700898295 1.08879981346e+13
"(-10, 10]" -3 -0.0111960737098 63.5 0.0 1.35916094029 4.56119499508 14.2379524357
"(-50, -25]" -36 0.0884220610571 56.0 0.0 42331.4549065 1.22768092964 332566.057887
"(-75, -50]" -57 0.00326336840725 56.0 0.0 1.74875052 6.05481432952 33.1307417743
"(-50, -25]" -36 0.0844413606432 55.5 0.0 250.815941387 1.22980824445 2244.06358323
"(-75, -50]" -57 -0.0118844664393 55.5 0.0 1.30370573226 5.86236937314 21.6699479369
"(-150, -75]" -98 0.111778154645 55.5 0.0 0.463834021101 1.49154120357 3.53825999781
"(-75, -50]" -57 0.0548628861378 55.0 0.0 194955.817966 4.83431245265 4811191.3572
"(-150, -75]" -98 0.102099120872 55.0 0.0 28.0591378992 2.58750083845 504.600572901
"(-10, 10]" -3 0.0959268481565 58.0 2.0 2.47841303602 1.47280579342 24.1380716635
"(-25, -10]" -17 0.0911592599155 58.0 2.0 125803.246868 1.7399342387 1495024.01552
"(-50, -25]" -36 0.0697244861451 58.0 2.0 7999588728.25 3.60846850186 1.97608763377e+11
"(-10, 10]" -3 0.0598081469582 61.0 2.0 845868245.697 5.37439180693 21921136216.0
"(-25, -10]" -17 0.0300057166357 61.0 2.0 2023241.63811 6.4837456305 64782502.5276
"(-10, 10]" -3 0.0838850028896 60.5 2.0 189512796.246 3.37051624322 4053573291.78
"(-25, -10]" -17 0.103530506833 60.5 2.0 216629.963928 1.6744961382 2775718.63724
"(-10, 10]" -3 0.0182522983842 62.5 2.0 26454178.5489 7.30712112863 731479141.102
"(-10, 10]" -3 0.119343849876 60.0 2.0 94688.8437759 1.26213139332 979315.296724
"(-25, -10]" -17 0.0966558928858 60.0 2.0 392676.215505 2.08236740152 5551320.9302
"(-10, 10]" -3 0.119770875531 63.0 2.0 15003.2590936 1.6154234876 158508.500439
"(-10, 10]" -3 0.119102806185 61.5 2.0 250065.528587 1.8895505455 2727761.40131
"(-10, 10]" -3 0.077719053194 59.5 2.0 1634382762.72 3.19868925259 39638518477.3
"(-25, -10]" -17 0.0599653618304 59.5 2.0 62164997396.7 4.17199513322 1.51584375449e+12
"(-10, 10]" -3 0.104242525898 62.0 2.0 2099732.30813 2.5088148521 28835558.9045
"(-50, -25]" -36 0.0933494911299 56.5 2.0 1225.94606627 1.47677141855 13121.810232
"(-10, 10]" -3 0.0992758018678 58.5 2.0 144704.027777 1.30744934625 1346269.33859
"(-25, -10]" -17 0.0937377874475 58.5 2.0 192357.954706 1.72233603669 2187249.30001
"(-10, 10]" -3 0.0901988276002 57.0 2.0 1.5469073785 1.24563534614 13.6151079409
"(-25, -10]" -17 0.0817042086673 57.0 2.0 28039454.4738 1.66133490136 316546079.95
"(-50, -25]" -36 0.0858011330169 57.0 2.0 674.666790917 1.78482528611 8591.62587142
"(-10, 10]" -3 0.0892231378901 57.5 2.0 1032.96096322 1.58660882754 11541.0854005
"(-25, -10]" -17 0.0844155812131 57.5 2.0 178740.779062 1.72637393929 2006883.95693
"(-50, -25]" -36 0.0841611139797 57.5 2.0 812072997.197 2.09098599946 11667273579.9
"(-10, 10]" -3 0.0794550100538 59.0 2.0 1.08785847218e+13 2.57570666805 2.06773218091e+14
"(-25, -10]" -17 0.0891668744635 59.0 2.0 2667619.49974 2.03416894681 34722694.7036
"(-50, -25]" -36 0.0820308533536 56.0 2.0 3217.17277939 1.5781937458 35302.8470605
"(-50, -25]" -36 0.0900978504666 55.5 2.0 56781.7836549 1.36156212924 644887.667037
"(-50, -25]" -36 0.0959074114759 58.0 -5.0 161.207896491 2.39498193302 1610.04142695
"(-75, -50]" -57 0.0987569547324 58.0 -5.0 2.21498813982 2.06415107401 13.1697221255
"(-150, -75]" -98 0.1029438202 58.0 -5.0 0.959009326068 1.90697201393 2.85464260898
"(-25, -10]" -17 0.135001431137 61.0 -5.0 0.699048471899 1.27567749029 2.45760724745
"(-50, -25]" -36 0.134451193857 61.0 -5.0 0.895086568841 1.89842384396 4.62163597791
"(-75, -50]" -57 0.0655161939341 61.0 -5.0 1.40004652163 3.02857642036 10.155435103
"(-150, -75]" -98 -0.0159833798861 61.0 -5.0 190364.395189 11.5144683027 4264355.83255
"(-25, -10]" -17 0.116695432553 60.5 -5.0 0.718175328536 1.3252422988 2.81207602019
"(-50, -25]" -36 0.0674048813125 60.5 -5.0 154200924.614 4.25118400619 2065693072.14
"(-75, -50]" -57 0.0867571964327 60.5 -5.0 1.27572450054 2.601822236 7.80584644558
"(-150, -75]" -98 0.229073633803 60.5 -5.0 15499.8006961 2.81878323383 197738.973809
"(-50, -25]" -36 0.103991049133 62.5 -5.0 6.85701304152 4.48995911546 96.6060929007
"(-25, -10]" -17 0.118407244773 60.0 -5.0 0.702021369825 1.19671893825 2.50419095116
"(-50, -25]" -36 0.113212958846 60.0 -5.0 1.06728557089 1.6769174688 4.87160329188
"(-75, -50]" -57 0.0945501332887 60.0 -5.0 0.847150613039 2.18435089283 3.52682629407
"(-150, -75]" -98 0.207308960195 60.0 -5.0 2.96681696701 3.06292640041 35.5658989576
"(-50, -25]" -36 0.0684185649157 63.0 -5.0 25.8591777305 6.13492614239 435.657994593
"(-25, -10]" -17 0.152807885727 61.5 -5.0 2.00902054101 1.69920813096 14.027814243
"(-50, -25]" -36 0.122492079732 61.5 -5.0 1.27213523116 2.84238738555 10.2464515382
"(-75, -50]" -57 0.109017701587 61.5 -5.0 1.26227354989 2.66092472377 9.66463988349
"(-50, -25]" -36 0.0923558059576 59.5 -5.0 2.38683152473 2.10068002786 15.6460296774
"(-75, -50]" -57 0.0946180479799 59.5 -5.0 1.08088688286 2.35544597443 5.49574413147
"(-150, -75]" -98 0.212226935281 59.5 -5.0 0.841645798245 1.83266019303 4.52935225542
"(-50, -25]" -36 0.0836200527604 62.0 -5.0 8.40007068552 5.64971743329 145.980593974
"(-75, -50]" -57 0.0222792366854 62.0 -5.0 329296.825551 7.13954756485 6399122.51345
"(-50, -25]" -36 0.0400160008805 56.5 -5.0 3191999460.03 7.81035011841 1.31877431987e+11
"(-75, -50]" -57 0.0947201550202 56.5 -5.0 61744510.8648 1.8155456415 509144997.316
"(-150, -75]" -98 0.0682600650236 56.5 -5.0 0.945714351239 2.02687608834 2.13063679174
"(-50, -25]" -36 0.096340057354 58.5 -5.0 3.48923761393 2.16088719642 27.8172856665
"(-75, -50]" -57 0.0711038976235 58.5 -5.0 3.56195967837 3.19657669763 30.7876835576
"(-150, -75]" -98 0.116587159356 58.5 -5.0 1.08748912594 2.45488349247 4.80638994556
"(-50, -25]" -36 0.0894643427746 57.0 -5.0 1106917.67793 3.023334953 18715572.6314
"(-75, -50]" -57 0.108915056185 57.0 -5.0 9624748.12279 1.59963347199 65250740.3851
"(-150, -75]" -98 0.0732487755251 57.0 -5.0 0.94817311173 1.79176507847 2.28470355263
"(-50, -25]" -36 0.105428613822 57.5 -5.0 1710.83108748 2.42474734511 20564.024042
"(-75, -50]" -57 0.100338684407 57.5 -5.0 44849.9933317 1.93105214011 311538.156577
"(-150, -75]" -98 0.114347741888 57.5 -5.0 0.900301196222 1.42947535641 1.9731372269
"(-50, -25]" -36 0.0545339208029 59.0 -5.0 4413843007.74 3.54315207304 51102404809.9
"(-75, -50]" -57 0.0936178990842 59.0 -5.0 2.18508301271 2.79602034387 16.3138503003
"(-150, -75]" -98 0.0157188683267 59.0 -5.0 1315627033.53 8.59667848109 24900579313.1
"(-50, -25]" -36 0.0902752258473 56.0 -5.0 10.4069271845 3.32795665683 306.450594244
"(-75, -50]" -57 0.100760344802 56.0 -5.0 2191365.15465 1.55275531943 18255024.8497
"(-150, -75]" -98 0.02799692512 56.0 -5.0 0.983511536805 2.43516349976 2.5773853171
"(-75, -50]" -57 0.0925046454518 55.5 -5.0 22152039.6762 1.50054465087 197882674.987
"(-150, -75]" -98 0.0700352978251 55.5 -5.0 1.02294151056 2.69125829481 4.11693562488
"(-75, -50]" -57 0.0892437214197 55.0 -5.0 5409406.19347 1.46829303427 57217633.3639
"(-150, -75]" -98 0.0754253110244 55.0 -5.0 1.11930099511 2.44641776444 5.2446893363
"(-75, -50]" -57 0.0804808980649 53.0 -5.0 173.42104609 1.48483842497 3205.21989494
"(-150, -75]" -98 0.0823491275763 53.0 -5.0 1.74442147766 1.87776027598 13.1487635221
"(-75, -50]" -57 0.0869002633292 54.5 -5.0 57687787794.5 1.79029714332 9.01563494425e+11
"(-150, -75]" -98 -0.00953524089328 54.5 -5.0 2.6309920246 4.63201709735 25.3877971597
"(-75, -50]" -57 0.0890952058975 53.5 -5.0 3.30030485639e+11 1.18898782307 4.60990704112e+12
"(-150, -75]" -98 0.0081754918018 53.5 -5.0 2476433494.36 5.23628405227 39955615046.6
"(-75, -50]" -57 -0.0254498889029 54.0 -5.0 0.946122022 3.41586740732 11.1724493744
"(-150, -75]" -98 0.0896204876591 54.0 -5.0 1.64996588936 2.15931896098 11.0445918299
"(-150, -75]" -98 0.0363878480945 52.5 -5.0 1.61851271828e+11 3.91746648293 2.61167889655e+12
"(-75, -50]" -57 0.168251280222 58.0 -6.0 1.44399865822 1.30293769699 7.26342523399
"(-150, -75]" -98 0.135239660603 58.0 -6.0 0.827583607645 1.42833790052 1.7707221782
"(-50, -25]" -36 0.0499059289659 61.0 -6.0 9342222091.32 5.33221527634 1.43902439592e+11
"(-75, -50]" -57 0.145351936103 61.0 -6.0 43.2480788326 2.91086402862 510.491444556
"(-150, -75]" -98 0.233104086319 61.0 -6.0 115.933512062 3.2854116261 1451.55596937
"(-50, -25]" -36 0.0354634131391 60.5 -6.0 1.80234297415e+11 4.91378290194 2.47412569688e+12
"(-75, -50]" -57 0.0647103984611 60.5 -6.0 3006539.6838 6.0517756322 56445388.1251
"(-150, -75]" -98 0.0844772536747 60.5 -6.0 4034464.99753 9.28229795965 101386171.787
"(-50, -25]" -36 0.0547954478467 60.0 -6.0 1.60583892472e+11 3.75965765441 1.76826901406e+12
"(-75, -50]" -57 0.121210395696 60.0 -6.0 214.455233107 2.98356780398 2320.37379504
"(-150, -75]" -98 0.138506265215 60.0 -6.0 1.5379495598 3.63813417063 13.8962245677
"(-50, -25]" -36 0.018226105092 61.5 -6.0 4804874089.54 7.54901563108 93517482207.6
"(-75, -50]" -57 0.0737016286368 61.5 -6.0 22.7296841322 4.6852973325 328.714746568
"(-50, -25]" -36 0.0599519782488 59.5 -6.0 289521816.69 3.53224409758 3243854967.89
"(-75, -50]" -57 0.0663740597863 59.5 -6.0 2034436572.82 4.85109259184 29670555506.1
"(-150, -75]" -98 0.140373336615 59.5 -6.0 0.962671398585 2.71008076604 5.2571102232
"(-50, -25]" -36 0.0331440424676 62.0 -6.0 284359.66985 7.7376231195 5839054.38909
"(-75, -50]" -57 0.099149029878 56.5 -6.0 1.22574197889 2.53619395843 14.2261991255
"(-150, -75]" -98 -0.000271747664766 56.5 -6.0 1.00869897214 3.44909425594 3.06931314444
"(-75, -50]" -57 0.127886410956 58.5 -6.0 58037788.6646 2.41888409615 510180478.858
"(-150, -75]" -98 0.148038786431 58.5 -6.0 0.837775579361 1.48896162035 2.08126709808
"(-75, -50]" -57 0.0650463492117 57.0 -6.0 1.85208277182 4.05257484512 26.1454333792
"(-150, -75]" -98 0.116864501622 57.0 -6.0 0.881278305891 1.66000439227 2.01914697018
"(-75, -50]" -57 0.106817510751 57.5 -6.0 33588650.7685 3.00334842292 406491573.597
"(-150, -75]" -98 0.106471185479 57.5 -6.0 0.810615788464 1.5755944768 1.48653124136
"(-50, -25]" -36 0.0861650555807 59.0 -6.0 2.94192525334 2.41699268714 23.8719098511
"(-75, -50]" -57 0.126594388226 59.0 -6.0 9.83384469969 2.30944282145 78.4648399553
"(-150, -75]" -98 0.143077947736 59.0 -6.0 0.762888136056 1.85084431743 2.29960390328
"(-75, -50]" -57 0.10196521025 56.0 -6.0 0.595694775051 2.11875077179 6.0607527958
"(-150, -75]" -98 0.0740309106025 56.0 -6.0 0.844555826302 2.40542893401 2.43818054277
"(-75, -50]" -57 0.0953797513231 55.5 -6.0 0.450576474585 1.48025661209 3.3704046173
"(-150, -75]" -98 -0.20364491103 55.5 -6.0 1.42960602061 8.97665779662 10.5237518058
"(-75, -50]" -57 0.0935042634771 55.0 -6.0 0.49148774682 1.28862924662 3.90000132207
"(-150, -75]" -98 -0.932256927161 55.0 -6.0 2.40304719223 41.4998396319 32.2165538468
"(-150, -75]" -98 0.100024875829 53.0 -6.0 4809476.83446 1.45511468384 64612829.9831
"(-75, -50]" -57 0.0700097287983 54.5 -6.0 2.13839001204e+11 3.28229095398 5.77136482815e+12
"(-150, -75]" -98 0.0058949633643 54.5 -6.0 1.01863054187 5.22676605276 9.33291080668
"(-150, -75]" -98 0.0888462035894 53.5 -6.0 51085146161.2 2.49261065975 7.01287870262e+11
"(-150, -75]" -98 -0.158609525503 54.0 -6.0 5.21732710352 15.2291317131 143.524378136
"(-150, -75]" -98 0.0968094080654 52.5 -6.0 11896526.2759 1.35246110325 181167126.314
"(-150, -75]" -98 0.0912419809489 58.0 -7.0 0.903399268734 1.90029638108 1.93054426442
"(-150, -75]" -98 0.0329291956384 60.5 -7.0 1.93790523284 6.67250215308 19.5247441784
"(-150, -75]" -98 0.155177560359 60.0 -7.0 0.990659060643 2.11919690331 3.7780702999
"(-150, -75]" -98 0.119482214954 59.5 -7.0 0.992622716579 2.59334355239 3.71875476961
"(-150, -75]" -98 -0.273196267506 56.5 -7.0 1.52995381659 10.5531909253 9.89615542471
"(-150, -75]" -98 0.125329980785 58.5 -7.0 0.841333396386 1.69969910692 1.75146387259
"(-150, -75]" -98 0.0592210600506 57.0 -7.0 0.89255658657 3.3059937202 2.92243553622
"(-150, -75]" -98 0.0619033025981 57.5 -7.0 0.890447667764 2.71716977639 2.33025244672
"(-150, -75]" -98 0.141994009663 59.0 -7.0 0.853007252024 1.63223697046 1.92734310504
"(-150, -75]" -98 0.082548707959 56.0 -7.0 0.763932203351 3.29396429845 2.88541531605
"(-150, -75]" -98 -1.44653791585 55.5 -7.0 3.30283690706 107.081347844 80.1830336773
"(-150, -75]" -98 0.0983687079297 53.0 -7.0 3.57503508115 4.5466653496 222.586140627
"(-150, -75]" -98 0.0826685330105 53.5 -7.0 610.811097166 4.67924926035 24961.4388951
"(-150, -75]" -98 0.100188870038 52.0 -7.0 312993.766538 2.92574481385 18114552.3975
"(-150, -75]" -98 0.0967178596813 52.5 -7.0 6.11280149571 3.85659337439 380.745090867
