dst_bin dst_mean loc mlat norm_mlt scale shape
"(-10, 10]" -3 117.780818501 58.0 1.0 291.382848749 0.0
"(-25, -10]" -17 75.6319056517 58.0 1.0 371.032765084 0.0
"(-50, -25]" -36 121.737945907 58.0 1.0 338.189065163 0.0
"(-10, 10]" -3 192.860564374 61.0 1.0 314.230607674 0.0
"(-25, -10]" -17 181.518227778 61.0 1.0 265.956916236 0.0
"(-10, 10]" -3 184.713060601 60.5 1.0 288.823659396 0.0
"(-25, -10]" -17 172.214290057 60.5 1.0 282.63184926 0.0
"(-10, 10]" -3 181.095256701 62.5 1.0 341.907344141 0.0
"(-10, 10]" -3 182.259617291 60.0 1.0 255.155349905 0.0
"(-25, -10]" -17 165.132700293 60.0 1.0 272.753926037 0.0
"(-10, 10]" -3 158.529560638 63.0 1.0 360.183823956 0.0
"(-10, 10]" -3 176.626625622 61.5 1.0 370.500365311 0.0
"(-25, -10]" -17 183.582504855 61.5 1.0 289.36097034 0.0
"(-10, 10]" -3 159.008521811 59.5 1.0 272.062646247 0.0
"(-25, -10]" -17 138.31147628 59.5 1.0 299.145012308 0.0
"(-50, -25]" -36 165.505768775 59.5 1.0 281.309121109 0.0
"(-10, 10]" -3 178.205550753 62.0 1.0 367.686863626 0.0
"(-25, -10]" -17 189.407547444 62.0 1.0 286.349009074 0.0
"(-10, 10]" -3 70.9373261111 56.5 1.0 283.653240402 0.0
"(-25, -10]" -17 66.7262904623 56.5 1.0 300.738177994 0.0
"(-50, -25]" -36 110.193369674 56.5 1.0 344.198501627 0.0
"(-10, 10]" -3 116.861627994 58.5 1.0 308.74562935 0.0
"(-25, -10]" -17 96.0666637215 58.5 1.0 354.72198115 0.0
"(-50, -25]" -36 121.49860319 58.5 1.0 346.921564194 0.0
"(-10, 10]" -3 100.257936272 57.0 1.0 258.428402958 0.0
"(-25, -10]" -17 24.6744846084 57.0 1.0 390.913712912 0.0
"(-50, -25]" -36 120.408583918 57.0 1.0 337.418898219 0.0
"(-10, 10]" -3 104.004304691 57.5 1.0 292.711122054 0.0
"(-25, -10]" -17 33.5365776182 57.5 1.0 407.778328617 0.0
"(-50, -25]" -36 128.632251828 57.5 1.0 323.379750929 0.0
"(-10, 10]" -3 124.112819252 59.0 1.0 305.361015888 0.0
"(-25, -10]" -17 118.832725815 59.0 1.0 320.577578078 0.0
"(-50, -25]" -36 127.69858217 59.0 1.0 325.759330116 0.0
"(-10, 10]" -3 170.538720122 63.5 1.0 374.976674559 0.0
"(-50, -25]" -36 103.458127637 56.0 1.0 336.704296265 0.0
"(-50, -25]" -36 93.0505509028 55.5 1.0 321.069946867 0.0
"(-25, -10]" -17 113.960776502 58.0 -3.0 314.226795376 0.0
"(-50, -25]" -36 115.175737514 58.0 -3.0 384.024819165 0.0
"(-75, -50]" -57 149.96088505 58.0 -3.0 423.952693397 0.0
"(-150, -75]" -98 247.308235077 58.0 -3.0 361.834478775 0.0
"(-10, 10]" -3 157.217873198 61.0 -3.0 345.249928867 0.0
"(-25, -10]" -17 174.248414523 61.0 -3.0 404.694698983 0.0
"(-50, -25]" -36 202.097604481 61.0 -3.0 392.264243167 0.0
"(-75, -50]" -57 150.851220804 61.0 -3.0 428.857334274 0.0
"(-10, 10]" -3 151.867819156 60.5 -3.0 319.450195539 0.0
"(-25, -10]" -17 184.880180295 60.5 -3.0 368.713400786 0.0
"(-50, -25]" -36 193.48052307 60.5 -3.0 387.74423177 0.0
"(-75, -50]" -57 160.515624536 60.5 -3.0 417.702097537 0.0
"(-10, 10]" -3 216.554533716 62.5 -3.0 423.507315594 0.0
"(-25, -10]" -17 196.834573467 62.5 -3.0 465.989774183 0.0
"(-50, -25]" -36 243.979011025 62.5 -3.0 391.723851688 0.0
"(-10, 10]" -3 139.955844626 60.0 -3.0 293.124808181 0.0
"(-25, -10]" -17 183.983086726 60.0 -3.0 332.555161995 0.0
"(-50, -25]" -36 179.188572101 60.0 -3.0 390.27877335 0.0
"(-75, -50]" -57 158.240615909 60.0 -3.0 440.350668146 0.0
"(-10, 10]" -3 370.277927228 64.0 -3.0 471.10996866 0.0
"(-25, -10]" -17 248.453106914 64.0 -3.0 418.560714918 0.0
"(-10, 10]" -3 304.763458537 63.0 -3.0 428.658872359 0.0
"(-25, -10]" -17 228.678127732 63.0 -3.0 416.973122375 0.0
"(-50, -25]" -36 255.45155501 63.0 -3.0 363.082459088 0.0
"(-10, 10]" -3 190.364596481 61.5 -3.0 344.505423652 0.0
"(-25, -10]" -17 171.884073591 61.5 -3.0 440.97489629 0.0
"(-50, -25]" -36 213.224544284 61.5 -3.0 389.794207612 0.0
"(-75, -50]" -57 170.690126866 61.5 -3.0 388.125865972 0.0
"(-10, 10]" -3 195.014604386 59.5 -3.0 189.470113543 0.0
"(-25, -10]" -17 172.384808989 59.5 -3.0 322.991741061 0.0
"(-50, -25]" -36 154.026623476 59.5 -3.0 399.00788773 0.0
"(-75, -50]" -57 165.665484018 59.5 -3.0 435.967412904 0.0
"(-150, -75]" -98 228.73374673 59.5 -3.0 315.969765328 0.0
"(-10, 10]" -3 197.8373551 62.0 -3.0 371.496539336 0.0
"(-25, -10]" -17 185.631475548 62.0 -3.0 449.488965105 0.0
"(-50, -25]" -36 232.014496031 62.0 -3.0 383.035625265 0.0
"(-25, -10]" -17 82.7656233195 56.5 -3.0 280.632921512 0.0
"(-50, -25]" -36 128.004234981 56.5 -3.0 292.676013218 0.0
"(-75, -50]" -57 114.980058073 56.5 -3.0 393.94558295 0.0
"(-150, -75]" -98 200.572404628 56.5 -3.0 546.103735277 0.0
"(-25, -10]" -17 132.980385505 58.5 -3.0 310.555463174 0.0
"(-50, -25]" -36 105.316268175 58.5 -3.0 422.085260268 0.0
"(-75, -50]" -57 146.323400006 58.5 -3.0 445.250567912 0.0
"(-150, -75]" -98 233.796720674 58.5 -3.0 339.471456196 0.0
"(-25, -10]" -17 79.5469405485 57.0 -3.0 326.166831401 0.0
"(-50, -25]" -36 117.281243342 57.0 -3.0 331.756668576 0.0
"(-75, -50]" -57 121.615647237 57.0 -3.0 399.842031555 0.0
"(-150, -75]" -98 322.497134814 57.0 -3.0 438.502172012 0.0
"(-25, -10]" -17 88.9031135972 57.5 -3.0 334.315311324 0.0
"(-50, -25]" -36 109.857139809 57.5 -3.0 359.192860039 0.0
"(-75, -50]" -57 144.84817526 57.5 -3.0 389.075335695 0.0
"(-150, -75]" -98 233.776284461 57.5 -3.0 460.662420207 0.0
"(-25, -10]" -17 138.394931824 59.0 -3.0 338.845531101 0.0
"(-50, -25]" -36 125.668188465 59.0 -3.0 413.377387926 0.0
"(-75, -50]" -57 154.67554972 59.0 -3.0 456.030086086 0.0
"(-150, -75]" -98 286.32676551 59.0 -3.0 297.417156365 0.0
"(-10, 10]" -3 310.470915035 63.5 -3.0 495.151184172 0.0
"(-25, -10]" -17 245.097303334 63.5 -3.0 431.020260709 0.0
"(-50, -25]" -36 254.248177938 63.5 -3.0 348.56980576 0.0
"(-50, -25]" -36 121.309767784 56.0 -3.0 255.714445731 0.0
"(-75, -50]" -57 109.637552384 56.0 -3.0 385.20142608 0.0
"(-150, -75]" -98 176.063468874 56.0 -3.0 542.129866401 0.0
"(-50, -25]" -36 135.600678466 55.5 -3.0 207.249192915 0.0
"(-75, -50]" -57 104.273741638 55.5 -3.0 363.661504303 0.0
"(-150, -75]" -98 201.950408211 55.5 -3.0 493.631395232 0.0
"(-50, -25]" -36 143.885310756 55.0 -3.0 172.30541706 0.0
"(-75, -50]" -57 81.2106367373 55.0 -3.0 348.072188872 0.0
"(-150, -75]" -98 191.723704292 55.0 -3.0 482.590317072 0.0
"(-75, -50]" -57 98.0901129451 53.0 -3.0 267.399054108 0.0
"(-150, -75]" -98 156.333747058 53.0 -3.0 295.473976034 0.0
"(-75, -50]" -57 107.5005903 54.5 -3.0 280.444214314 0.0
"(-150, -75]" -98 188.010914306 54.5 -3.0 430.488294906 0.0
"(-75, -50]" -57 88.5972801108 53.5 -3.0 281.222575617 0.0
"(-150, -75]" -98 127.819165822 53.5 -3.0 358.982416588 0.0
"(-75, -50]" -57 98.8831988214 54.0 -3.0 261.119280219 0.0
"(-150, -75]" -98 152.909871949 54.0 -3.0 395.608435841 0.0
"(-150, -75]" -98 165.196498861 52.5 -3.0 274.933790264 0.0
"(-10, 10]" -3 172.93122994 58.0 -1.0 152.691389596 0.0
"(-25, -10]" -17 144.541311768 58.0 -1.0 199.505975754 0.0
"(-50, -25]" -36 103.813934985 58.0 -1.0 366.404274293 0.0
"(-75, -50]" -57 234.012540064 58.0 -1.0 421.065628304 0.0
"(-10, 10]" -3 157.204975273 61.0 -1.0 335.854793812 0.0
"(-25, -10]" -17 171.82247109 61.0 -1.0 344.648203723 0.0
"(-50, -25]" -36 190.835688715 61.0 -1.0 331.078546188 0.0
"(-10, 10]" -3 149.459802285 60.5 -1.0 304.509274676 0.0
"(-25, -10]" -17 157.113113383 60.5 -1.0 339.687404783 0.0
"(-50, -25]" -36 186.32309146 60.5 -1.0 318.67316959 0.0
"(-10, 10]" -3 223.771296531 62.5 -1.0 354.816685496 0.0
"(-25, -10]" -17 237.235351715 62.5 -1.0 294.434929826 0.0
"(-10, 10]" -3 150.931053478 60.0 -1.0 271.976395775 0.0
"(-25, -10]" -17 140.213297321 60.0 -1.0 333.00521536 0.0
"(-50, -25]" -36 172.548150629 60.0 -1.0 324.550091963 0.0
"(-10, 10]" -3 282.753009441 64.0 -1.0 394.25139701 0.0
"(-10, 10]" -3 245.023511489 63.0 -1.0 365.402822321 0.0
"(-25, -10]" -17 224.462442889 63.0 -1.0 313.957709214 0.0
"(-10, 10]" -3 172.724785163 61.5 -1.0 360.531706788 0.0
"(-25, -10]" -17 185.210265948 61.5 -1.0 343.931415945 0.0
"(-50, -25]" -36 210.833252037 61.5 -1.0 329.156350715 0.0
"(-10, 10]" -3 157.642852944 59.5 -1.0 250.45487133 0.0
"(-25, -10]" -17 122.802847265 59.5 -1.0 328.266224277 0.0
"(-50, -25]" -36 135.748436646 59.5 -1.0 360.347053089 0.0
"(-10, 10]" -3 199.993682451 62.0 -1.0 378.146599763 0.0
"(-25, -10]" -17 208.368020786 62.0 -1.0 312.322996625 0.0
"(-50, -25]" -36 215.71973716 62.0 -1.0 345.04583681 0.0
"(-25, -10]" -17 120.37279245 56.5 -1.0 198.382838621 0.0
"(-50, -25]" -36 53.8619780276 56.5 -1.0 371.234135404 0.0
"(-75, -50]" -57 177.892041188 56.5 -1.0 317.127789784 0.0
"(-10, 10]" -3 189.474476395 58.5 -1.0 155.492862981 0.0
"(-25, -10]" -17 122.137934857 58.5 -1.0 251.567517538 0.0
"(-50, -25]" -36 110.858938776 58.5 -1.0 373.007445671 0.0
"(-75, -50]" -57 191.297275494 58.5 -1.0 399.551452423 0.0
"(-25, -10]" -17 110.749518243 57.0 -1.0 230.090147874 0.0
"(-50, -25]" -36 67.3507696439 57.0 -1.0 397.61741171 0.0
"(-75, -50]" -57 178.897711365 57.0 -1.0 370.303760743 0.0
"(-25, -10]" -17 133.859700091 57.5 -1.0 202.295841814 0.0
"(-50, -25]" -36 81.7009612596 57.5 -1.0 386.366490577 0.0
"(-75, -50]" -57 181.550454025 57.5 -1.0 415.939623267 0.0
"(-10, 10]" -3 184.151380531 59.0 -1.0 196.595654409 0.0
"(-25, -10]" -17 109.733088984 59.0 -1.0 310.78721467 0.0
"(-50, -25]" -36 108.516815854 59.0 -1.0 383.29107343 0.0
"(-10, 10]" -3 247.310242223 63.5 -1.0 396.023591264 0.0
"(-25, -10]" -17 232.335270699 63.5 -1.0 308.374501747 0.0
"(-50, -25]" -36 55.2795392318 56.0 -1.0 313.934755712 0.0
"(-75, -50]" -57 114.292506426 56.0 -1.0 388.80150124 0.0
"(-150, -75]" -98 192.109681535 56.0 -1.0 284.942568197 0.0
"(-50, -25]" -36 67.0652983866 55.5 -1.0 257.326295785 0.0
"(-75, -50]" -57 48.0801725918 55.5 -1.0 445.71699699 0.0
"(-150, -75]" -98 149.301177367 55.5 -1.0 378.155507882 0.0
"(-75, -50]" -57 42.1187625687 55.0 -1.0 435.490203525 0.0
"(-150, -75]" -98 119.318731362 55.0 -1.0 419.437007845 0.0
"(-75, -50]" -57 26.7739441427 54.5 -1.0 412.642323042 0.0
"(-150, -75]" -98 113.720634309 54.5 -1.0 390.485529455 0.0
"(-75, -50]" -57 71.0561812544 53.5 -1.0 326.906377208 0.0
"(-150, -75]" -98 122.057783314 53.5 -1.0 295.009992866 0.0
"(-75, -50]" -57 -19.6853928491 54.0 -1.0 461.459435321 0.0
"(-150, -75]" -98 87.1553814406 54.0 -1.0 381.54633821 0.0
"(-25, -10]" -17 96.9288009294 58.0 -4.0 376.399558495 0.0
"(-50, -25]" -36 131.92555737 58.0 -4.0 410.056696099 0.0
"(-75, -50]" -57 173.903689259 58.0 -4.0 468.669490722 0.0
"(-150, -75]" -98 310.50218561 58.0 -4.0 465.055355265 0.0
"(-10, 10]" -3 161.53129603 61.0 -4.0 331.831873301 0.0
"(-25, -10]" -17 184.920413141 61.0 -4.0 404.527637192 0.0
"(-50, -25]" -36 242.281152991 61.0 -4.0 409.766154629 0.0
"(-75, -50]" -57 213.677380955 61.0 -4.0 415.608898077 0.0
"(-25, -10]" -17 201.772082202 60.5 -4.0 368.019586628 0.0
"(-50, -25]" -36 224.464242896 60.5 -4.0 412.076679898 0.0
"(-75, -50]" -57 209.354317908 60.5 -4.0 422.400000204 0.0
"(-10, 10]" -3 222.868274267 62.5 -4.0 331.076694985 0.0
"(-25, -10]" -17 209.520035341 62.5 -4.0 466.908850708 0.0
"(-50, -25]" -36 177.118104644 62.5 -4.0 472.888022347 0.0
"(-25, -10]" -17 191.111766244 60.0 -4.0 353.503610161 0.0
"(-50, -25]" -36 182.884797514 60.0 -4.0 435.34482998 0.0
"(-75, -50]" -57 184.309571489 60.0 -4.0 467.762702846 0.0
"(-150, -75]" -98 299.417233565 60.0 -4.0 409.717439943 0.0
"(-25, -10]" -17 273.321074965 64.0 -4.0 473.051650273 0.0
"(-10, 10]" -3 254.414807502 63.0 -4.0 356.706252827 0.0
"(-25, -10]" -17 245.464286622 63.0 -4.0 443.517809768 0.0
"(-50, -25]" -36 244.163861614 63.0 -4.0 440.264022966 0.0
"(-10, 10]" -3 166.292357296 61.5 -4.0 326.435977249 0.0
"(-25, -10]" -17 193.56043971 61.5 -4.0 432.863047617 0.0
"(-50, -25]" -36 247.731821403 61.5 -4.0 401.037156901 0.0
"(-75, -50]" -57 239.670766456 61.5 -4.0 381.859028752 0.0
"(-25, -10]" -17 171.170759293 59.5 -4.0 386.012698784 0.0
"(-50, -25]" -36 157.459886105 59.5 -4.0 447.058364785 0.0
"(-75, -50]" -57 190.872938098 59.5 -4.0 470.2531708 0.0
"(-150, -75]" -98 212.765392127 59.5 -4.0 468.746334098 0.0
"(-10, 10]" -3 205.561258083 62.0 -4.0 316.73133082 0.0
"(-25, -10]" -17 207.170178911 62.0 -4.0 443.412734482 0.0
"(-50, -25]" -36 241.919911931 62.0 -4.0 403.428661858 0.0
"(-75, -50]" -57 246.245900476 62.0 -4.0 371.227514706 0.0
"(-50, -25]" -36 139.705217987 56.5 -4.0 284.479097487 0.0
"(-75, -50]" -57 93.1703662335 56.5 -4.0 474.088015736 0.0
"(-150, -75]" -98 193.212907709 56.5 -4.0 625.857741224 0.0
"(-25, -10]" -17 101.038755478 58.5 -4.0 413.907449968 0.0
"(-50, -25]" -36 135.507386227 58.5 -4.0 420.265389317 0.0
"(-75, -50]" -57 171.28424579 58.5 -4.0 484.110484259 0.0
"(-150, -75]" -98 166.144074605 58.5 -4.0 528.352333961 0.0
"(-50, -25]" -36 146.259271158 57.0 -4.0 327.65806779 0.0
"(-75, -50]" -57 113.456882539 57.0 -4.0 478.699018726 0.0
"(-150, -75]" -98 149.408936403 57.0 -4.0 632.25623573 0.0
"(-50, -25]" -36 148.028972606 57.5 -4.0 362.419650823 0.0
"(-75, -50]" -57 122.769636708 57.5 -4.0 482.712219393 0.0
"(-150, -75]" -98 167.019869281 57.5 -4.0 595.548994088 0.0
"(-25, -10]" -17 141.834847652 59.0 -4.0 393.338055327 0.0
"(-50, -25]" -36 147.840685145 59.0 -4.0 443.241395594 0.0
"(-75, -50]" -57 172.318732676 59.0 -4.0 500.191552353 0.0
"(-150, -75]" -98 258.873257111 59.0 -4.0 444.492807207 0.0
"(-25, -10]" -17 233.948955793 63.5 -4.0 470.421184701 0.0
"(-50, -25]" -36 229.040975727 63.5 -4.0 442.840772785 0.0
"(-50, -25]" -36 127.674754202 56.0 -4.0 248.394547699 0.0
"(-75, -50]" -57 83.7740080528 56.0 -4.0 425.802723835 0.0
"(-150, -75]" -98 188.061965345 56.0 -4.0 592.89750144 0.0
"(-50, -25]" -36 137.064541068 55.5 -4.0 206.712330063 0.0
"(-75, -50]" -57 75.0019500779 55.5 -4.0 388.230211079 0.0
"(-150, -75]" -98 184.427629587 55.5 -4.0 536.973286717 0.0
"(-75, -50]" -57 93.077983002 55.0 -4.0 323.29578885 0.0
"(-150, -75]" -98 210.077577339 55.0 -4.0 482.978362638 0.0
"(-75, -50]" -57 115.911943843 53.0 -4.0 222.07540801 0.0
"(-150, -75]" -98 179.629357439 53.0 -4.0 302.518448869 0.0
"(-75, -50]" -57 126.292378205 54.5 -4.0 236.570261177 0.0
"(-150, -75]" -98 187.537119121 54.5 -4.0 432.825940203 0.0
"(-75, -50]" -57 111.148012048 53.5 -4.0 236.355088063 0.0
"(-150, -75]" -98 170.261573591 53.5 -4.0 355.102977829 0.0
"(-75, -50]" -57 103.830772563 54.0 -4.0 245.133713959 0.0
"(-150, -75]" -98 184.055700681 54.0 -4.0 400.692721266 0.0
"(-150, -75]" -98 154.164584105 52.5 -4.0 286.614556222 0.0
"(-25, -10]" -17 135.178401559 58.0 -2.0 232.002097646 0.0
"(-50, -25]" -36 106.196281293 58.0 -2.0 374.476640628 0.0
"(-75, -50]" -57 149.903813846 58.0 -2.0 426.705064875 0.0
"(-150, -75]" -98 251.162558875 58.0 -2.0 287.268700461 0.0
"(-10, 10]" -3 145.170926563 61.0 -2.0 384.566622578 0.0
"(-25, -10]" -17 168.565070045 61.0 -2.0 376.071788738 0.0
"(-50, -25]" -36 199.695815923 61.0 -2.0 355.580017818 0.0
"(-10, 10]" -3 114.336428904 60.5 -2.0 377.079072727 0.0
"(-25, -10]" -17 168.251677418 60.5 -2.0 347.585437119 0.0
"(-50, -25]" -36 193.283667111 60.5 -2.0 355.41356306 0.0
"(-75, -50]" -57 127.204761353 60.5 -2.0 385.275838411 0.0
"(-10, 10]" -3 258.755763411 62.5 -2.0 368.31367348 0.0
"(-25, -10]" -17 211.670121913 62.5 -2.0 392.131120872 0.0
"(-50, -25]" -36 218.760304806 62.5 -2.0 350.494717719 0.0
"(-10, 10]" -3 108.278900787 60.0 -2.0 348.553102723 0.0
"(-25, -10]" -17 166.525908867 60.0 -2.0 327.696323185 0.0
"(-50, -25]" -36 183.324548895 60.0 -2.0 344.297378438 0.0
"(-75, -50]" -57 130.543044494 60.0 -2.0 401.305680527 0.0
"(-10, 10]" -3 363.708581054 64.0 -2.0 430.861541515 0.0
"(-25, -10]" -17 241.022624964 64.0 -2.0 359.089420398 0.0
"(-10, 10]" -3 219.204746965 63.0 -2.0 439.949155642 0.0
"(-25, -10]" -17 227.388579885 63.0 -2.0 383.815465998 0.0
"(-50, -25]" -36 235.594824107 63.0 -2.0 344.55592819 0.0
"(-10, 10]" -3 220.315445306 61.5 -2.0 314.601098678 0.0
"(-25, -10]" -17 176.992278503 61.5 -2.0 400.201049314 0.0
"(-50, -25]" -36 204.796294514 61.5 -2.0 363.21642764 0.0
"(-10, 10]" -3 137.423584707 59.5 -2.0 276.986766336 0.0
"(-25, -10]" -17 152.253295025 59.5 -2.0 304.902293297 0.0
"(-50, -25]" -36 162.486372912 59.5 -2.0 358.584001638 0.0
"(-75, -50]" -57 123.147176148 59.5 -2.0 429.303220168 0.0
"(-10, 10]" -3 237.110154283 62.0 -2.0 331.010044606 0.0
"(-25, -10]" -17 184.867352919 62.0 -2.0 410.182524144 0.0
"(-50, -25]" -36 225.374437371 62.0 -2.0 343.507373087 0.0
"(-25, -10]" -17 86.5828584589 56.5 -2.0 256.246548073 0.0
"(-50, -25]" -36 105.851285866 56.5 -2.0 291.185841013 0.0
"(-75, -50]" -57 155.630354574 56.5 -2.0 339.578036428 0.0
"(-150, -75]" -98 231.844928103 56.5 -2.0 420.283730691 0.0
"(-10, 10]" -3 164.186072752 58.5 -2.0 175.712609844 0.0
"(-25, -10]" -17 147.289914909 58.5 -2.0 238.887054439 0.0
"(-50, -25]" -36 120.508056386 58.5 -2.0 369.499746814 0.0
"(-75, -50]" -57 148.713811825 58.5 -2.0 437.137337042 0.0
"(-150, -75]" -98 285.628910348 58.5 -2.0 253.113865166 0.0
"(-25, -10]" -17 113.929565103 57.0 -2.0 246.028543062 0.0
"(-50, -25]" -36 93.5941657837 57.0 -2.0 337.85833011 0.0
"(-75, -50]" -57 141.556554183 57.0 -2.0 360.417201121 0.0
"(-150, -75]" -98 219.250909663 57.0 -2.0 386.919733664 0.0
"(-25, -10]" -17 133.089378785 57.5 -2.0 235.646788782 0.0
"(-50, -25]" -36 100.426726067 57.5 -2.0 365.779851401 0.0
"(-75, -50]" -57 153.141474202 57.5 -2.0 389.296696931 0.0
"(-150, -75]" -98 254.527294192 57.5 -2.0 297.220669562 0.0
"(-10, 10]" -3 181.436823633 59.0 -2.0 195.791717605 0.0
"(-25, -10]" -17 120.565930574 59.0 -2.0 305.141293602 0.0
"(-50, -25]" -36 136.573292304 59.0 -2.0 372.41285469 0.0
"(-75, -50]" -57 133.689092002 59.0 -2.0 439.35363323 0.0
"(-10, 10]" -3 274.696081504 63.5 -2.0 457.126020946 0.0
"(-25, -10]" -17 252.604466823 63.5 -2.0 347.121128673 0.0
"(-10, 10]" -3 322.673013546 64.5 -2.0 479.660322785 0.0
"(-25, -10]" -17 74.147766873 56.0 -2.0 259.725835602 0.0
"(-50, -25]" -36 105.261406119 56.0 -2.0 249.881621294 0.0
"(-75, -50]" -57 128.059922382 56.0 -2.0 364.617779809 0.0
"(-150, -75]" -98 195.040539197 56.0 -2.0 465.221150017 0.0
"(-50, -25]" -36 103.550127174 55.5 -2.0 232.90599865 0.0
"(-75, -50]" -57 88.2873579249 55.5 -2.0 389.628965495 0.0
"(-150, -75]" -98 163.349040036 55.5 -2.0 518.141668036 0.0
"(-50, -25]" -36 101.403135618 55.0 -2.0 224.824544914 0.0
"(-75, -50]" -57 66.2069366997 55.0 -2.0 406.269774757 0.0
"(-150, -75]" -98 119.456714117 55.0 -2.0 505.930110678 0.0
"(-75, -50]" -57 105.699858464 53.0 -2.0 235.462461102 0.0
"(-150, -75]" -98 146.273462004 53.0 -2.0 299.523994274 0.0
"(-75, -50]" -57 59.9524316631 54.5 -2.0 361.478132384 0.0
"(-150, -75]" -98 117.384295925 54.5 -2.0 488.015423525 0.0
"(-75, -50]" -57 91.5609794759 53.5 -2.0 275.567601992 0.0
"(-150, -75]" -98 144.1413181 53.5 -2.0 347.560572504 0.0
"(-75, -50]" -57 51.7460743213 54.0 -2.0 355.171028365 0.0
"(-150, -75]" -98 108.441884802 54.0 -2.0 461.051286057 0.0
"(-150, -75]" -98 139.868039381 52.5 -2.0 301.658717342 0.0
"(-10, 10]" -3 123.784095514 58.0 0.0 263.304191352 0.0
"(-25, -10]" -17 46.947628153 58.0 0.0 359.160997599 0.0
"(-50, -25]" -36 126.901380072 58.0 0.0 372.453661204 0.0
"(-10, 10]" -3 160.68564645 61.0 0.0 353.100670547 0.0
"(-25, -10]" -17 187.010684682 61.0 0.0 289.350694887 0.0
"(-50, -25]" -36 192.594143405 61.0 0.0 313.813843762 0.0
"(-10, 10]" -3 165.301072418 60.5 0.0 313.041677262 0.0
"(-25, -10]" -17 168.818373201 60.5 0.0 303.061166999 0.0
"(-50, -25]" -36 181.090031409 60.5 0.0 332.212068294 0.0
"(-10, 10]" -3 176.018051894 62.5 0.0 369.557945506 0.0
"(-25, -10]" -17 216.394347639 62.5 0.0 310.704854896 0.0
"(-10, 10]" -3 168.636805672 60.0 0.0 289.79334521 0.0
"(-25, -10]" -17 139.093211 60.0 0.0 333.251387745 0.0
"(-50, -25]" -36 170.22921008 60.0 0.0 341.584755428 0.0
"(-10, 10]" -3 251.87325441 64.0 0.0 325.175000418 0.0
"(-10, 10]" -3 163.106983101 63.0 0.0 395.669104159 0.0
"(-25, -10]" -17 213.762686547 63.0 0.0 286.988029206 0.0
"(-10, 10]" -3 176.442125001 61.5 0.0 370.097647107 0.0
"(-25, -10]" -17 174.05853247 61.5 0.0 293.654282139 0.0
"(-10, 10]" -3 144.0351601 59.5 0.0 277.245252106 0.0
"(-25, -10]" -17 132.798739032 59.5 0.0 323.78717812 0.0
"(-50, -25]" -36 149.88281174 59.5 0.0 340.666310036 0.0
"(-10, 10]" -3 173.666988738 62.0 0.0 379.58021437 0.0
"(-25, -10]" -17 216.865383506 62.0 0.0 293.592323764 0.0
"(-25, -10]" -17 103.789258841 56.5 0.0 230.320671506 0.0
"(-50, -25]" -36 73.6645645447 56.5 0.0 379.306296728 0.0
"(-75, -50]" -57 206.990958755 56.5 0.0 309.971108151 0.0
"(-10, 10]" -3 114.20540124 58.5 0.0 314.274639579 0.0
"(-25, -10]" -17 68.1419893504 58.5 0.0 341.475087676 0.0
"(-50, -25]" -36 119.630346186 58.5 0.0 371.788430094 0.0
"(-25, -10]" -17 81.5377402079 57.0 0.0 273.608334996 0.0
"(-50, -25]" -36 100.266789191 57.0 0.0 366.117009862 0.0
"(-75, -50]" -57 248.767117017 57.0 0.0 309.964735652 0.0
"(-10, 10]" -3 142.482895828 57.5 0.0 196.119560852 0.0
"(-25, -10]" -17 52.7280064939 57.5 0.0 326.483364768 0.0
"(-50, -25]" -36 110.010824864 57.5 0.0 364.900123202 0.0
"(-10, 10]" -3 96.7004424661 59.0 0.0 337.570103306 0.0
"(-25, -10]" -17 120.367537383 59.0 0.0 302.807897238 0.0
"(-50, -25]" -36 112.771562862 59.0 0.0 394.791196807 0.0
"(-10, 10]" -3 186.820237163 63.5 0.0 368.591730351 0.0
"(-50, -25]" -36 49.3145169176 56.0 0.0 373.330086549 0.0
"(-75, -50]" -57 152.814210795 56.0 0.0 312.340783009 0.0
"(-50, -25]" -36 42.9788180388 55.5 0.0 343.747536076 0.0
"(-75, -50]" -57 150.712318648 55.5 0.0 304.452732554 0.0
"(-150, -75]" -98 191.182007246 55.5 0.0 249.428254707 0.0
"(-75, -50]" -57 162.333174208 55.0 0.0 274.786536339 0.0
"(-150, -75]" -98 187.338007065 55.0 0.0 250.77178226 0.0
"(-10, 10]" -3 116.991276691 58.0 2.0 300.76001184 0.0
"(-25, -10]" -17 112.602249866 58.0 2.0 305.018035716 0.0
"(-50, -25]" -36 119.216008769 58.0 2.0 279.493864055 0.0
"(-10, 10]" -3 181.70632848 61.0 2.0 306.671378049 0.0
"(-25, -10]" -17 155.423700719 61.0 2.0 263.530391358 0.0
"(-10, 10]" -3 131.796821511 60.5 2.0 316.294871887 0.0
"(-25, -10]" -17 140.72768052 60.5 2.0 276.496206367 0.0
"(-10, 10]" -3 183.283985043 62.5 2.0 322.368383063 0.0
"(-10, 10]" -3 125.944026831 60.0 2.0 307.908213748 0.0
"(-25, -10]" -17 153.554544277 60.0 2.0 277.351582037 0.0
"(-10, 10]" -3 160.082609978 63.0 2.0 324.346531907 0.0
"(-10, 10]" -3 165.768426242 61.5 2.0 354.53599704 0.0
"(-10, 10]" -3 116.393871485 59.5 2.0 274.060735583 0.0
"(-25, -10]" -17 143.312754669 59.5 2.0 272.597961448 0.0
"(-10, 10]" -3 188.04065984 62.0 2.0 316.30757016 0.0
"(-50, -25]" -36 95.2852157318 56.5 2.0 312.005776835 0.0
"(-10, 10]" -3 91.5562708115 58.5 2.0 330.48839982 0.0
"(-25, -10]" -17 108.18256342 58.5 2.0 324.436176454 0.0
"(-10, 10]" -3 95.0841108645 57.0 2.0 288.725943149 0.0
"(-25, -10]" -17 73.1054440337 57.0 2.0 329.622235699 0.0
"(-50, -25]" -36 109.248773834 57.0 2.0 288.106035242 0.0
"(-10, 10]" -3 105.037243313 57.5 2.0 299.213148123 0.0
"(-25, -10]" -17 92.0684578112 57.5 2.0 324.57353959 0.0
"(-50, -25]" -36 121.436466553 57.5 2.0 285.484571104 0.0
"(-10, 10]" -3 99.2907063443 59.0 2.0 297.177887018 0.0
"(-25, -10]" -17 120.856989247 59.0 2.0 313.556128251 0.0
"(-50, -25]" -36 59.1174848344 56.0 2.0 338.299227186 0.0
"(-50, -25]" -36 74.9866225022 55.5 2.0 297.595444496 0.0
"(-50, -25]" -36 151.650888211 58.0 -5.0 428.781810917 0.0
"(-75, -50]" -57 150.721786125 58.0 -5.0 531.117479007 0.0
"(-150, -75]" -98 199.485333821 58.0 -5.0 613.783906179 0.0
"(-25, -10]" -17 201.593289885 61.0 -5.0 441.455982429 0.0
"(-50, -25]" -36 247.558168506 61.0 -5.0 437.915851367 0.0
"(-75, -50]" -57 172.988051848 61.0 -5.0 478.833898749 0.0
"(-150, -75]" -98 309.784993606 61.0 -5.0 532.052148153 0.0
"(-25, -10]" -17 165.691444839 60.5 -5.0 428.095481542 0.0
"(-50, -25]" -36 215.046720154 60.5 -5.0 451.812550243 0.0
"(-75, -50]" -57 193.93191621 60.5 -5.0 493.379795521 0.0
"(-150, -75]" -98 449.131301554 60.5 -5.0 369.610304108 0.0
"(-50, -25]" -36 263.982538558 62.5 -5.0 438.296489914 0.0
"(-25, -10]" -17 157.702396009 60.0 -5.0 433.547846037 0.0
"(-50, -25]" -36 173.068170984 60.0 -5.0 487.167225295 0.0
"(-75, -50]" -57 198.802382921 60.0 -5.0 503.707321727 0.0
"(-150, -75]" -98 425.457305085 60.0 -5.0 372.204153567 0.0
"(-50, -25]" -36 281.002598249 63.0 -5.0 454.28845056 0.0
"(-25, -10]" -17 233.900808181 61.5 -5.0 417.430706271 0.0
"(-50, -25]" -36 261.476088034 61.5 -5.0 427.551366892 0.0
"(-75, -50]" -57 232.737059084 61.5 -5.0 425.177886947 0.0
"(-50, -25]" -36 140.219188564 59.5 -5.0 499.801076023 0.0
"(-75, -50]" -57 196.411497352 59.5 -5.0 511.362802284 0.0
"(-150, -75]" -98 396.642640653 59.5 -5.0 413.857656545 0.0
"(-50, -25]" -36 265.049073627 62.0 -5.0 415.6428154 0.0
"(-75, -50]" -57 255.955361738 62.0 -5.0 421.913743238 0.0
"(-50, -25]" -36 187.860023629 56.5 -5.0 229.080795653 0.0
"(-75, -50]" -57 96.5854497236 56.5 -5.0 448.025586326 0.0
"(-150, -75]" -98 149.479480254 56.5 -5.0 708.090425937 0.0
"(-50, -25]" -36 146.835740251 58.5 -5.0 450.951333169 0.0
"(-75, -50]" -57 160.887010572 58.5 -5.0 524.135039047 0.0
"(-150, -75]" -98 246.347395361 58.5 -5.0 570.362568799 0.0
"(-50, -25]" -36 169.934365367 57.0 -5.0 307.945140738 0.0
"(-75, -50]" -57 96.0292690334 57.0 -5.0 497.170174459 0.0
"(-150, -75]" -98 139.187257517 57.0 -5.0 664.646346191 0.0
"(-50, -25]" -36 176.07527784 57.5 -5.0 364.777434585 0.0
"(-75, -50]" -57 107.612446264 57.5 -5.0 539.981796748 0.0
"(-150, -75]" -98 174.926728948 57.5 -5.0 646.45293111 0.0
"(-50, -25]" -36 135.144196477 59.0 -5.0 488.534592213 0.0
"(-75, -50]" -57 196.327655596 59.0 -5.0 508.851957382 0.0
"(-150, -75]" -98 299.334608994 59.0 -5.0 507.03879669 0.0
"(-50, -25]" -36 184.015879747 56.0 -5.0 180.547973088 0.0
"(-75, -50]" -57 98.7482095035 56.0 -5.0 398.871966646 0.0
"(-150, -75]" -98 127.413840328 56.0 -5.0 688.890437686 0.0
"(-75, -50]" -57 81.920301721 55.5 -5.0 369.687091965 0.0
"(-150, -75]" -98 190.058494336 55.5 -5.0 593.355788984 0.0
"(-75, -50]" -57 78.5238644358 55.0 -5.0 323.135433893 0.0
"(-150, -75]" -98 165.450934452 55.0 -5.0 552.61830182 0.0
"(-75, -50]" -57 99.1369903603 53.0 -5.0 191.903728757 0.0
"(-150, -75]" -98 113.438443518 53.0 -5.0 400.690707007 0.0
"(-75, -50]" -57 88.1715833532 54.5 -5.0 282.580533565 0.0
"(-150, -75]" -98 121.962069242 54.5 -5.0 532.141017589 0.0
"(-75, -50]" -57 102.283230435 53.5 -5.0 212.171328843 0.0
"(-150, -75]" -98 142.171125087 53.5 -5.0 430.362856298 0.0
"(-75, -50]" -57 100.96488822 54.0 -5.0 244.873516131 0.0
"(-150, -75]" -98 149.54133966 54.0 -5.0 462.592779712 0.0
"(-150, -75]" -98 111.535852355 52.5 -5.0 374.738208517 0.0
"(-75, -50]" -57 223.694759589 58.0 -6.0 458.179306808 0.0
"(-150, -75]" -98 225.301606374 58.0 -6.0 623.790645384 0.0
"(-50, -25]" -36 229.434211079 61.0 -6.0 460.536928837 0.0
"(-75, -50]" -57 284.116634247 61.0 -6.0 406.244817182 0.0
"(-150, -75]" -98 484.15965956 61.0 -6.0 410.068423598 0.0
"(-50, -25]" -36 194.670980306 60.5 -6.0 488.95990712 0.0
"(-75, -50]" -57 226.885520534 60.5 -6.0 440.284358486 0.0
"(-150, -75]" -98 424.281248997 60.5 -6.0 395.008522867 0.0
"(-50, -25]" -36 158.795345207 60.0 -6.0 520.869150964 0.0
"(-75, -50]" -57 239.188714899 60.0 -6.0 452.893106174 0.0
"(-150, -75]" -98 336.344851234 60.0 -6.0 457.800633529 0.0
"(-50, -25]" -36 255.279987388 61.5 -6.0 446.942620277 0.0
"(-75, -50]" -57 233.37557978 61.5 -6.0 444.370262142 0.0
"(-50, -25]" -36 148.425640064 59.5 -6.0 499.452617 0.0
"(-75, -50]" -57 231.875449085 59.5 -6.0 469.976189937 0.0
"(-150, -75]" -98 309.756611865 59.5 -6.0 492.152679872 0.0
"(-50, -25]" -36 291.207251337 62.0 -6.0 424.470950641 0.0
"(-75, -50]" -57 195.354483064 56.5 -6.0 302.583598553 0.0
"(-150, -75]" -98 204.744458113 56.5 -6.0 663.80988536 0.0
"(-75, -50]" -57 220.342609195 58.5 -6.0 483.475747559 0.0
"(-150, -75]" -98 248.195688696 58.5 -6.0 595.278333539 0.0
"(-75, -50]" -57 171.731156509 57.0 -6.0 359.778338768 0.0
"(-150, -75]" -98 203.620009816 57.0 -6.0 655.026044072 0.0
"(-75, -50]" -57 211.094617202 57.5 -6.0 410.423744287 0.0
"(-150, -75]" -98 202.162301045 57.5 -6.0 661.037086328 0.0
"(-50, -25]" -36 149.393064258 59.0 -6.0 460.652141446 0.0
"(-75, -50]" -57 208.056562647 59.0 -6.0 500.843657812 0.0
"(-150, -75]" -98 282.304630258 59.0 -6.0 540.155084023 0.0
"(-75, -50]" -57 190.511811489 56.0 -6.0 257.982972253 0.0
"(-150, -75]" -98 215.194399057 56.0 -6.0 600.474765257 0.0
"(-75, -50]" -57 159.953143522 55.5 -6.0 248.84910321 0.0
"(-150, -75]" -98 207.600761288 55.5 -6.0 543.636148687 0.0
"(-75, -50]" -57 135.896703047 55.0 -6.0 242.763186956 0.0
"(-150, -75]" -98 179.919889527 55.0 -6.0 506.786966317 0.0
"(-150, -75]" -98 108.82867487 53.0 -6.0 269.492416896 0.0
"(-75, -50]" -57 129.927294927 54.5 -6.0 220.356798843 0.0
"(-150, -75]" -98 203.952200978 54.5 -6.0 418.631602864 0.0
"(-150, -75]" -98 119.251477551 53.5 -6.0 367.740710673 0.0
"(-150, -75]" -98 193.88572846 54.0 -6.0 386.107689111 0.0
"(-150, -75]" -98 102.098480165 52.5 -6.0 234.136865383 0.0
"(-150, -75]" -98 195.057114877 58.0 -7.0 691.007471586 0.0
"(-150, -75]" -98 297.868765717 60.5 -7.0 581.197081697 0.0
"(-150, -75]" -98 312.567663681 60.0 -7.0 562.862792282 0.0
"(-150, -75]" -98 296.167965425 59.5 -7.0 593.359201559 0.0
"(-150, -75]" -98 213.03693175 56.5 -7.0 624.925780059 0.0
"(-150, -75]" -98 237.361243802 58.5 -7.0 662.371252308 0.0
"(-150, -75]" -98 257.359278479 57.0 -7.0 619.081346565 0.0
"(-150, -75]" -98 230.072424266 57.5 -7.0 655.426828675 0.0
"(-150, -75]" -98 256.431643423 59.0 -7.0 638.139904364 0.0
"(-150, -75]" -98 286.53011633 56.0 -7.0 529.183711606 0.0
"(-150, -75]" -98 262.670856354 55.5 -7.0 472.201933406 0.0
"(-150, -75]" -98 208.480274273 53.0 -7.0 105.386054931 0.0
"(-150, -75]" -98 181.91521104 53.5 -7.0 171.492835392 0.0
"(-150, -75]" -98 193.134161107 52.0 -7.0 92.8282463862 0.0
"(-150, -75]" -98 199.152355339 52.5 -7.0 94.5036614069 0.0
