20 51.0 0.27 -116.0 159.82 -11.06
21 51.0 0.28 -116.0 602.62 -9.93
22 51.0 0.22 -116.0 520.88 -8.79
19 51.5 0.3 -116.0 109.11 -12.2
20 51.5 0.38 -116.0 180.3 -11.06
21 51.5 0.38 -116.0 617.63 -9.93
22 51.5 0.28 -116.0 533.71 -8.79
18 52.0 0.26 -116.0 243.69 -13.33
19 52.0 0.42 -116.0 125.61 -12.2
20 52.0 0.52 -116.0 201.99 -11.06
21 52.0 0.48 -116.0 632.88 -9.93
22 52.0 0.34 -116.0 546.87 -8.79
18 52.5 0.37 -116.0 264.52 -13.33
19 52.5 0.57 -116.0 143.22 -12.2
20 52.5 0.66 -116.0 224.94 -11.06
21 52.5 0.58 -116.0 648.32 -9.93
22 52.5 0.38 -116.0 560.36 -8.79
17 53.0 0.26 -116.0 441.23 -14.47
18 53.0 0.5 -116.0 286.52 -13.33
19 53.0 0.73 -116.0 162.05 -12.2
20 53.0 0.8 -116.0 249.21 -11.06
21 53.0 0.66 -116.0 663.88 -9.93
22 53.0 0.41 -116.0 574.17 -8.79
17 53.5 0.35 -116.0 468.99 -14.47
18 53.5 0.64 -116.0 309.78 -13.33
19 53.5 0.87 -116.0 182.21 -12.2
20 53.5 0.9 -116.0 274.83 -11.06
21 53.5 0.7 -116.0 679.47 -9.93
22 53.5 0.41 -116.0 588.28 -8.79
17 54.0 0.45 -116.0 498.18 -14.47
18 54.0 0.77 -116.0 334.38 -13.33
19 54.0 0.99 -116.0 203.87 -12.2
20 54.0 0.96 -116.0 301.85 -11.06
21 54.0 0.7 -116.0 694.93 -9.93
22 54.0 0.39 -116.0 602.67 -8.79
16 54.5 0.25 -116.0 723.27 -15.6
17 54.5 0.54 -116.0 528.9 -14.47
18 54.5 0.87 -116.0 360.42 -13.33
19 54.5 1.05 -116.0 227.21 -12.2
20 54.5 0.96 -116.0 330.33 -11.06
21 54.5 0.67 -116.0 710.09 -9.93
22 54.5 0.35 -116.0 617.29 -8.79
16 55.0 0.3 -116.0 761.02 -15.6
17 55.0 0.61 -116.0 561.22 -14.47
18 55.0 0.92 -116.0 388.03 -13.33
19 55.0 1.06 -116.0 252.49 -12.2
20 55.0 0.91 -116.0 360.3 -11.06
21 55.0 0.6 -116.0 724.66 -9.93
22 55.0 0.29 -116.0 632.06 -8.79
16 55.5 0.34 -116.0 800.62 -15.6
17 55.5 0.65 -116.0 595.26 -14.47
18 55.5 0.93 -116.0 417.37 -13.33
19 55.5 1.0 -116.0 280.07 -12.2
20 55.5 0.82 -116.0 391.79 -11.06
21 55.5 0.5 -116.0 738.26 -9.93
22 55.5 0.23 -116.0 646.84 -8.79
16 56.0 0.36 -116.0 842.16 -15.6
17 56.0 0.65 -116.0 631.16 -14.47
18 56.0 0.88 -116.0 448.67 -13.33
19 56.0 0.89 -116.0 310.45 -12.2
20 56.0 0.69 -116.0 424.86 -11.06
21 56.0 0.4 -116.0 750.34 -9.93
16 56.5 0.37 -116.0 885.76 -15.6
17 56.5 0.62 -116.0 669.09 -14.47
18 56.5 0.78 -116.0 482.26 -13.33
19 56.5 0.75 -116.0 344.34 -12.2
20 56.5 0.54 -116.0 459.54 -11.06
21 56.5 0.3 -116.0 760.15 -9.93
16 57.0 0.35 -116.0 931.59 -15.6
17 57.0 0.55 -116.0 709.33 -14.47
18 57.0 0.66 -116.0 518.66 -13.33
19 57.0 0.6 -116.0 382.83 -12.2
20 57.0 0.41 -116.0 495.86 -11.06
21 57.0 0.21 -116.0 766.62 -9.93
16 57.5 0.31 -116.0 979.86 -15.6
17 57.5 0.46 -116.0 752.31 -14.47
18 57.5 0.52 -116.0 558.8 -13.33
19 57.5 0.45 -116.0 427.55 -12.2
20 57.5 0.29 -116.0 533.86 -11.06
16 58.0 0.26 -116.0 1030.96 -15.6
17 58.0 0.37 -116.0 798.86 -14.47
18 58.0 0.39 -116.0 604.35 -13.33
19 58.0 0.31 -116.0 481.01 -12.2
16 58.5 0.21 -116.0 1085.66 -15.6
17 58.5 0.27 -116.0 850.79 -14.47
18 58.5 0.27 -116.0 658.76 -13.33
19 58.5 0.21 -116.0 546.91 -12.2
