20 52.0 0.24 -100.0 666.62 -11.4
21 52.0 0.29 -100.0 607.24 -10.36
22 52.0 0.27 -100.0 531.75 -9.32
19 52.5 0.23 -100.0 731.14 -12.44
20 52.5 0.35 -100.0 685.79 -11.4
21 52.5 0.4 -100.0 623.87 -10.36
22 52.5 0.35 -100.0 545.59 -9.32
23 52.5 0.23 -100.0 451.02 -8.29
19 53.0 0.34 -100.0 753.27 -12.44
20 53.0 0.48 -100.0 705.57 -11.4
21 53.0 0.52 -100.0 641.01 -10.36
22 53.0 0.43 -100.0 559.82 -9.32
23 53.0 0.27 -100.0 462.11 -8.29
18 53.5 0.27 -100.0 808.11 -13.47
19 53.5 0.47 -100.0 776.13 -12.44
20 53.5 0.63 -100.0 725.97 -11.4
21 53.5 0.64 -100.0 658.66 -10.36
22 53.5 0.49 -100.0 574.46 -9.32
23 53.5 0.29 -100.0 473.48 -8.29
18 54.0 0.37 -100.0 833.75 -13.47
19 54.0 0.61 -100.0 799.71 -12.44
20 54.0 0.77 -100.0 747.01 -11.4
21 54.0 0.74 -100.0 676.84 -10.36
22 54.0 0.54 -100.0 589.52 -9.32
23 54.0 0.3 -100.0 485.16 -8.29
17 54.5 0.23 -100.0 868.31 -14.51
18 54.5 0.48 -100.0 860.16 -13.47
19 54.5 0.75 -100.0 824.03 -12.44
20 54.5 0.9 -100.0 768.71 -11.4
21 54.5 0.81 -100.0 695.58 -10.36
22 54.5 0.56 -100.0 605.01 -9.32
23 54.5 0.29 -100.0 497.15 -8.29
17 55.0 0.3 -100.0 895.51 -14.51
18 55.0 0.59 -100.0 887.29 -13.47
19 55.0 0.88 -100.0 849.08 -12.44
20 55.0 0.99 -100.0 791.07 -11.4
21 55.0 0.84 -100.0 714.87 -10.36
22 55.0 0.55 -100.0 620.94 -9.32
23 55.0 0.27 -100.0 509.46 -8.29
17 55.5 0.38 -100.0 922.92 -14.51
18 55.5 0.69 -100.0 915.08 -13.47
19 55.5 0.96 -100.0 874.85 -12.44
20 55.5 1.02 -100.0 814.08 -11.4
21 55.5 0.82 -100.0 734.72 -10.36
22 55.5 0.5 -100.0 637.33 -9.32
23 55.5 0.23 -100.0 522.1 -8.29
17 56.0 0.44 -100.0 950.25 -14.51
18 56.0 0.76 -100.0 943.39 -13.47
19 56.0 1.0 -100.0 901.28 -12.44
20 56.0 1.0 -100.0 837.73 -11.4
21 56.0 0.76 -100.0 755.13 -10.36
22 56.0 0.44 -100.0 654.15 -9.32
16 56.5 0.22 -100.0 817.96 -15.55
17 56.5 0.48 -100.0 977.07 -14.51
18 56.5 0.79 -100.0 972.0 -13.47
19 56.5 0.98 -100.0 928.24 -12.44
20 56.5 0.92 -100.0 861.94 -11.4
21 56.5 0.66 -100.0 776.05 -10.36
22 56.5 0.36 -100.0 671.4 -9.32
16 57.0 0.25 -100.0 853.55 -15.55
17 57.0 0.5 -100.0 1002.74 -14.51
18 57.0 0.77 -100.0 1000.49 -13.47
19 57.0 0.9 -100.0 955.52 -12.44
20 57.0 0.8 -100.0 886.6 -11.4
21 57.0 0.54 -100.0 797.41 -10.36
22 57.0 0.28 -100.0 689.03 -9.32
16 57.5 0.26 -100.0 890.73 -15.55
17 57.5 0.49 -100.0 1026.31 -14.51
18 57.5 0.72 -100.0 1028.11 -13.47
19 57.5 0.79 -100.0 982.66 -12.44
20 57.5 0.66 -100.0 911.42 -11.4
21 57.5 0.42 -100.0 819.03 -10.36
22 57.5 0.2 -100.0 706.92 -9.32
16 58.0 0.25 -100.0 929.58 -15.55
17 58.0 0.46 -100.0 1046.44 -14.51
18 58.0 0.62 -100.0 1053.45 -13.47
19 58.0 0.65 -100.0 1008.77 -12.44
20 58.0 0.51 -100.0 935.82 -11.4
21 58.0 0.31 -100.0 840.53 -10.36
16 58.5 0.23 -100.0 970.17 -15.55
17 58.5 0.4 -100.0 1061.3 -14.51
18 58.5 0.51 -100.0 1073.78 -13.47
19 58.5 0.51 -100.0 1031.86 -12.44
20 58.5 0.38 -100.0 958.47 -11.4
21 58.5 0.21 -100.0 860.99 -10.36
16 59.0 0.21 -100.0 1012.58 -15.55
17 59.0 0.33 -100.0 1068.73 -14.51
18 59.0 0.4 -100.0 1083.56 -13.47
19 59.0 0.37 -100.0 1047.13 -12.44
20 59.0 0.26 -100.0 975.83 -11.4
17 59.5 0.26 -100.0 1066.78 -14.51
18 59.5 0.29 -100.0 1071.84 -13.47
19 59.5 0.26 -100.0 1041.75 -12.44
18 60.0 0.2 -100.0 1021.16 -13.47
