21 52.5 0.26 -90.0 595.1 -10.63
22 52.5 0.26 -90.0 530.38 -9.66
23 52.5 0.21 -90.0 452.98 -8.68
20 53.0 0.29 -90.0 665.76 -11.61
21 53.0 0.36 -90.0 611.57 -10.63
22 53.0 0.35 -90.0 544.5 -9.66
23 53.0 0.26 -90.0 464.54 -8.68
19 53.5 0.26 -90.0 728.25 -12.58
20 53.5 0.41 -90.0 684.95 -11.61
21 53.5 0.49 -90.0 628.53 -10.63
22 53.5 0.45 -90.0 559.0 -9.66
23 53.5 0.31 -90.0 476.4 -8.68
19 54.0 0.37 -90.0 750.16 -12.58
20 54.0 0.55 -90.0 704.73 -11.61
21 54.0 0.62 -90.0 645.97 -10.63
22 54.0 0.53 -90.0 573.91 -9.66
23 54.0 0.35 -90.0 488.57 -8.68
18 54.5 0.27 -90.0 806.81 -13.56
19 54.5 0.5 -90.0 772.76 -12.58
20 54.5 0.69 -90.0 725.12 -11.61
21 54.5 0.74 -90.0 663.94 -10.63
22 54.5 0.6 -90.0 589.24 -9.66
23 54.5 0.37 -90.0 501.06 -8.68
18 55.0 0.36 -90.0 832.21 -13.56
19 55.0 0.63 -90.0 796.09 -12.58
20 55.0 0.83 -90.0 746.14 -11.61
21 55.0 0.84 -90.0 682.43 -10.63
22 55.0 0.64 -90.0 605.0 -9.66
23 55.0 0.38 -90.0 513.88 -8.68
17 55.5 0.22 -90.0 882.47 -14.53
18 55.5 0.46 -90.0 858.44 -13.56
19 55.5 0.76 -90.0 820.15 -12.58
20 55.5 0.94 -90.0 767.8 -11.61
21 55.5 0.9 -90.0 701.47 -10.63
22 55.5 0.65 -90.0 621.21 -9.66
23 55.5 0.36 -90.0 527.05 -8.68
17 56.0 0.28 -90.0 911.46 -14.53
18 56.0 0.56 -90.0 885.48 -13.56
19 56.0 0.86 -90.0 844.95 -12.58
20 56.0 1.01 -90.0 790.11 -11.61
21 56.0 0.9 -90.0 721.06 -10.63
22 56.0 0.62 -90.0 637.87 -9.66
23 56.0 0.32 -90.0 540.56 -8.68
17 56.5 0.33 -90.0 941.28 -14.53
18 56.5 0.64 -90.0 913.31 -13.56
19 56.5 0.92 -90.0 870.47 -12.58
20 56.5 1.02 -90.0 813.06 -11.61
21 56.5 0.86 -90.0 741.21 -10.63
22 56.5 0.55 -90.0 654.98 -9.66
23 56.5 0.27 -90.0 554.43 -8.68
17 57.0 0.38 -90.0 971.82 -14.53
18 57.0 0.68 -90.0 941.87 -13.56
19 57.0 0.94 -90.0 896.69 -12.58
20 57.0 0.98 -90.0 836.64 -11.61
21 57.0 0.78 -90.0 761.89 -10.63
22 57.0 0.47 -90.0 672.54 -9.66
23 57.0 0.22 -90.0 568.64 -8.68
17 57.5 0.41 -90.0 1002.85 -14.53
18 57.5 0.69 -90.0 971.01 -13.56
19 57.5 0.9 -90.0 923.48 -12.58
20 57.5 0.88 -90.0 860.75 -11.61
21 57.5 0.66 -90.0 783.06 -10.63
22 57.5 0.38 -90.0 690.51 -9.66
17 58.0 0.42 -90.0 1033.88 -14.53
18 58.0 0.67 -90.0 1000.37 -13.56
19 58.0 0.81 -90.0 950.6 -12.58
20 58.0 0.75 -90.0 885.24 -11.61
21 58.0 0.53 -90.0 804.58 -10.63
22 58.0 0.29 -90.0 708.78 -9.66
16 58.5 0.2 -90.0 1079.58 -15.51
17 58.5 0.4 -90.0 1063.87 -14.53
18 58.5 0.6 -90.0 1029.17 -13.56
19 58.5 0.69 -90.0 977.47 -12.58
20 58.5 0.61 -90.0 909.64 -11.61
21 58.5 0.4 -90.0 826.12 -10.63
22 58.5 0.21 -90.0 727.12 -9.66
17 59.0 0.36 -90.0 1090.29 -14.53
18 59.0 0.52 -90.0 1055.45 -13.56
19 59.0 0.56 -90.0 1002.57 -12.58
20 59.0 0.46 -90.0 932.81 -11.61
21 59.0 0.29 -90.0 846.79 -10.63
17 59.5 0.31 -90.0 1106.3 -14.53
18 59.5 0.42 -90.0 1073.35 -13.56
19 59.5 0.43 -90.0 1021.17 -12.58
20 59.5 0.33 -90.0 951.01 -11.61
17 60.0 0.25 -90.0 1091.26 -14.53
18 60.0 0.32 -90.0 1061.62 -13.56
19 60.0 0.31 -90.0 1014.01 -12.58
20 60.0 0.23 -90.0 947.85 -11.61
18 60.5 0.23 -90.0 938.04 -13.56
19 60.5 0.21 -90.0 880.74 -12.58
