23 56.0 0.26 -33.0 478.26 -10.92
24 56.0 0.27 -33.0 462.56 -10.3
1 56.0 0.21 -33.0 447.7 -9.67
22 56.5 0.29 -33.0 510.09 -11.55
23 56.5 0.36 -33.0 493.04 -10.92
24 56.5 0.35 -33.0 476.84 -10.3
1 56.5 0.26 -33.0 461.51 -9.67
21 57.0 0.26 -33.0 544.18 -12.18
22 57.0 0.4 -33.0 525.72 -11.55
23 57.0 0.47 -33.0 508.14 -10.92
24 57.0 0.43 -33.0 491.43 -10.3
1 57.0 0.3 -33.0 475.61 -9.67
20 57.5 0.2 -33.0 580.63 -12.8
21 57.5 0.37 -33.0 560.71 -12.18
22 57.5 0.52 -33.0 541.69 -11.55
23 57.5 0.58 -33.0 523.57 -10.92
24 57.5 0.5 -33.0 506.34 -10.3
1 57.5 0.33 -33.0 490.02 -9.67
20 58.0 0.28 -33.0 598.11 -12.8
21 58.0 0.48 -33.0 577.6 -12.18
22 58.0 0.65 -33.0 558.01 -11.55
23 58.0 0.68 -33.0 539.34 -10.92
24 58.0 0.55 -33.0 521.58 -10.3
1 58.0 0.35 -33.0 504.75 -9.67
20 58.5 0.37 -33.0 615.97 -12.8
21 58.5 0.61 -33.0 594.87 -12.18
22 58.5 0.77 -33.0 574.69 -11.55
23 58.5 0.76 -33.0 555.46 -10.92
24 58.5 0.58 -33.0 537.16 -10.3
1 58.5 0.35 -33.0 519.8 -9.67
19 59.0 0.24 -33.0 656.88 -13.43
20 59.0 0.47 -33.0 634.22 -12.8
21 59.0 0.72 -33.0 612.5 -12.18
22 59.0 0.87 -33.0 591.74 -11.55
23 59.0 0.81 -33.0 571.93 -10.92
24 59.0 0.58 -33.0 553.08 -10.3
1 59.0 0.33 -33.0 535.19 -9.67
19 59.5 0.3 -33.0 676.12 -13.43
20 59.5 0.56 -33.0 652.83 -12.8
21 59.5 0.82 -33.0 630.51 -12.18
22 59.5 0.92 -33.0 609.15 -11.55
23 59.5 0.81 -33.0 588.76 -10.92
24 59.5 0.55 -33.0 569.34 -10.3
1 59.5 0.29 -33.0 550.91 -9.67
19 60.0 0.36 -33.0 695.69 -13.43
20 60.0 0.64 -33.0 671.78 -12.8
21 60.0 0.88 -33.0 648.84 -12.18
22 60.0 0.93 -33.0 626.88 -11.55
23 60.0 0.77 -33.0 605.91 -10.92
24 60.0 0.5 -33.0 585.93 -10.3
1 60.0 0.25 -33.0 566.94 -9.67
19 60.5 0.41 -33.0 715.47 -13.43
20 60.5 0.69 -33.0 690.96 -12.8
21 60.5 0.89 -33.0 667.42 -12.18
22 60.5 0.9 -33.0 644.87 -11.55
23 60.5 0.7 -33.0 623.32 -10.92
24 60.5 0.43 -33.0 602.78 -10.3
1 60.5 0.2 -33.0 583.23 -9.67
18 61.0 0.22 -33.0 761.12 -14.06
19 61.0 0.45 -33.0 735.12 -13.43
20 61.0 0.71 -33.0 710.07 -12.8
21 61.0 0.86 -33.0 685.99 -12.18
22 61.0 0.82 -33.0 662.9 -11.55
23 61.0 0.6 -33.0 640.81 -10.92
24 61.0 0.34 -33.0 619.72 -10.3
18 61.5 0.24 -33.0 779.78 -14.06
19 61.5 0.46 -33.0 753.52 -13.43
20 61.5 0.69 -33.0 728.16 -12.8
21 61.5 0.79 -33.0 703.71 -12.18
22 61.5 0.71 -33.0 680.22 -11.55
23 61.5 0.49 -33.0 657.7 -10.92
24 61.5 0.27 -33.0 636.17 -10.3
18 62.0 0.25 -33.0 790.9 -14.06
19 62.0 0.45 -33.0 765.43 -13.43
20 62.0 0.63 -33.0 740.6 -12.8
21 62.0 0.69 -33.0 716.52 -12.18
22 62.0 0.58 -33.0 693.23 -11.55
23 62.0 0.38 -33.0 670.8 -10.92
18 62.5 0.25 -33.0 735.61 -14.06
19 62.5 0.42 -33.0 717.57 -13.43
20 62.5 0.55 -33.0 699.2 -12.8
21 62.5 0.57 -33.0 680.71 -12.18
22 62.5 0.45 -33.0 662.25 -11.55
23 62.5 0.28 -33.0 643.97 -10.92
