22 55.0 0.25 -50.0 514.42 -10.99
23 55.0 0.28 -50.0 482.53 -10.26
24 55.0 0.25 -50.0 448.33 -9.52
21 55.5 0.25 -50.0 560.08 -11.72
22 55.5 0.35 -50.0 529.53 -10.99
23 55.5 0.37 -50.0 496.61 -10.26
24 55.5 0.31 -50.0 461.33 -9.52
20 56.0 0.21 -50.0 605.68 -12.45
21 56.0 0.36 -50.0 576.54 -11.72
22 56.0 0.47 -50.0 544.98 -10.99
23 56.0 0.47 -50.0 511.02 -10.26
24 56.0 0.37 -50.0 474.64 -9.52
1 56.0 0.22 -50.0 435.84 -8.79
20 56.5 0.3 -50.0 623.53 -12.45
21 56.5 0.48 -50.0 593.4 -11.72
22 56.5 0.6 -50.0 560.81 -10.99
23 56.5 0.57 -50.0 525.76 -10.26
24 56.5 0.42 -50.0 488.24 -9.52
1 56.5 0.24 -50.0 448.27 -8.79
19 57.0 0.21 -50.0 670.44 -13.18
20 57.0 0.41 -50.0 641.81 -12.45
21 57.0 0.62 -50.0 610.67 -11.72
22 57.0 0.72 -50.0 577.02 -10.99
23 57.0 0.64 -50.0 540.85 -10.26
24 57.0 0.45 -50.0 502.17 -9.52
1 57.0 0.24 -50.0 460.98 -8.79
19 57.5 0.29 -50.0 690.17 -13.18
20 57.5 0.53 -50.0 660.55 -12.45
21 57.5 0.75 -50.0 628.37 -11.72
22 57.5 0.82 -50.0 593.62 -10.99
23 57.5 0.69 -50.0 556.3 -10.26
24 57.5 0.45 -50.0 516.43 -9.52
1 57.5 0.23 -50.0 474.0 -8.79
19 58.0 0.37 -50.0 710.39 -13.18
20 58.0 0.64 -50.0 679.75 -12.45
21 58.0 0.86 -50.0 646.49 -11.72
22 58.0 0.89 -50.0 610.61 -10.99
23 58.0 0.71 -50.0 572.12 -10.26
24 58.0 0.44 -50.0 531.02 -9.52
1 58.0 0.21 -50.0 487.31 -8.79
18 58.5 0.22 -50.0 760.1 -13.91
19 58.5 0.45 -50.0 731.08 -13.18
20 58.5 0.74 -50.0 699.39 -12.45
21 58.5 0.93 -50.0 665.03 -11.72
22 58.5 0.91 -50.0 628.0 -10.99
23 58.5 0.68 -50.0 588.3 -10.26
24 58.5 0.4 -50.0 545.94 -9.52
18 59.0 0.26 -50.0 782.24 -13.91
19 59.0 0.53 -50.0 752.21 -13.18
20 59.0 0.81 -50.0 719.45 -12.45
21 59.0 0.96 -50.0 683.97 -11.72
22 59.0 0.88 -50.0 645.76 -10.99
23 59.0 0.63 -50.0 604.83 -10.26
24 59.0 0.34 -50.0 561.19 -9.52
18 59.5 0.31 -50.0 804.71 -13.91
19 59.5 0.58 -50.0 773.68 -13.18
20 59.5 0.84 -50.0 739.85 -12.45
21 59.5 0.94 -50.0 703.23 -11.72
22 59.5 0.82 -50.0 663.83 -10.99
23 59.5 0.55 -50.0 621.66 -10.26
24 59.5 0.28 -50.0 576.71 -9.52
18 60.0 0.34 -50.0 827.17 -13.91
19 60.0 0.6 -50.0 795.19 -13.18
20 60.0 0.82 -50.0 760.33 -12.45
21 60.0 0.87 -50.0 722.61 -11.72
22 60.0 0.71 -50.0 682.04 -10.99
23 60.0 0.45 -50.0 638.63 -10.26
24 60.0 0.22 -50.0 592.39 -9.52
18 60.5 0.36 -50.0 848.59 -13.91
19 60.5 0.59 -50.0 815.85 -13.18
20 60.5 0.77 -50.0 780.13 -12.45
21 60.5 0.77 -50.0 741.44 -11.72
22 60.5 0.59 -50.0 699.81 -10.99
23 60.5 0.35 -50.0 655.26 -10.26
18 61.0 0.35 -50.0 864.54 -13.91
19 61.0 0.56 -50.0 831.82 -13.18
20 61.0 0.68 -50.0 795.89 -12.45
21 61.0 0.64 -50.0 756.82 -11.72
22 61.0 0.46 -50.0 714.64 -10.99
23 61.0 0.26 -50.0 669.39 -10.26
18 61.5 0.33 -50.0 841.12 -13.91
19 61.5 0.49 -50.0 812.65 -13.18
20 61.5 0.57 -50.0 780.46 -12.45
21 61.5 0.5 -50.0 744.64 -11.72
22 61.5 0.35 -50.0 705.27 -10.99
