20 50.5 0.22 -120.0 -3.26 -10.98
21 50.5 0.23 -120.0 19.23 -9.82
19 51.0 0.25 -120.0 107.42 -12.14
20 51.0 0.33 -120.0 8.47 -10.98
21 51.0 0.32 -120.0 34.85 -9.82
22 51.0 0.24 -120.0 511.19 -8.66
18 51.5 0.23 -120.0 253.56 -13.3
19 51.5 0.37 -120.0 123.29 -12.14
20 51.5 0.45 -120.0 21.05 -10.98
21 51.5 0.42 -120.0 51.73 -9.82
22 51.5 0.29 -120.0 522.45 -8.66
18 52.0 0.34 -120.0 274.59 -13.3
19 52.0 0.52 -120.0 140.11 -12.14
20 52.0 0.59 -120.0 34.53 -10.98
21 52.0 0.51 -120.0 69.94 -9.82
22 52.0 0.34 -120.0 533.77 -8.66
17 52.5 0.24 -120.0 461.03 -14.46
18 52.5 0.47 -120.0 296.77 -13.3
19 52.5 0.67 -120.0 157.95 -12.14
20 52.5 0.73 -120.0 49.0 -10.98
21 52.5 0.6 -120.0 89.58 -9.82
22 52.5 0.37 -120.0 545.1 -8.66
17 53.0 0.34 -120.0 489.36 -14.46
18 53.0 0.61 -120.0 320.16 -13.3
19 53.0 0.83 -120.0 176.87 -12.14
20 53.0 0.84 -120.0 64.55 -10.98
21 53.0 0.65 -120.0 110.73 -9.82
22 53.0 0.38 -120.0 556.36 -8.66
17 53.5 0.44 -120.0 519.12 -14.46
18 53.5 0.75 -120.0 344.82 -13.3
19 53.5 0.96 -120.0 196.93 -12.14
20 53.5 0.92 -120.0 81.29 -10.98
21 53.5 0.67 -120.0 133.49 -9.82
22 53.5 0.37 -120.0 567.43 -8.66
16 54.0 0.25 -120.0 755.76 -15.62
17 54.0 0.54 -120.0 550.38 -14.46
18 54.0 0.86 -120.0 370.82 -13.3
19 54.0 1.04 -120.0 218.21 -12.14
20 54.0 0.95 -120.0 99.36 -10.98
21 54.0 0.65 -120.0 157.93 -9.82
22 54.0 0.34 -120.0 578.16 -8.66
16 54.5 0.31 -120.0 794.45 -15.62
17 54.5 0.62 -120.0 583.24 -14.46
18 54.5 0.94 -120.0 398.25 -13.3
19 54.5 1.07 -120.0 240.83 -12.14
20 54.5 0.92 -120.0 118.96 -10.98
21 54.5 0.59 -120.0 184.15 -9.82
22 54.5 0.29 -120.0 588.34 -8.66
16 55.0 0.36 -120.0 834.99 -15.62
17 55.0 0.68 -120.0 617.76 -14.46
18 55.0 0.96 -120.0 427.19 -13.3
19 55.0 1.03 -120.0 264.91 -12.14
20 55.0 0.84 -120.0 140.33 -10.98
21 55.0 0.51 -120.0 212.23 -9.82
22 55.0 0.23 -120.0 597.68 -8.66
16 55.5 0.39 -120.0 877.48 -15.62
17 55.5 0.7 -120.0 654.05 -14.46
18 55.5 0.93 -120.0 457.76 -13.3
19 55.5 0.94 -120.0 290.6 -12.14
20 55.5 0.72 -120.0 163.82 -10.98
21 55.5 0.41 -120.0 242.24 -9.82
16 56.0 0.4 -120.0 922.01 -15.62
17 56.0 0.67 -120.0 692.22 -14.46
18 56.0 0.85 -120.0 490.12 -13.3
19 56.0 0.81 -120.0 318.17 -12.14
20 56.0 0.58 -120.0 189.94 -10.98
21 56.0 0.32 -120.0 274.25 -9.82
16 56.5 0.39 -120.0 968.7 -15.62
17 56.5 0.61 -120.0 732.4 -14.46
18 56.5 0.73 -120.0 524.45 -13.3
19 56.5 0.66 -120.0 347.95 -12.14
20 56.5 0.44 -120.0 219.43 -10.98
21 56.5 0.23 -120.0 308.31 -9.82
16 57.0 0.35 -120.0 1017.69 -15.62
17 57.0 0.52 -120.0 774.81 -14.46
18 57.0 0.59 -120.0 561.08 -13.3
19 57.0 0.5 -120.0 380.53 -12.14
20 57.0 0.32 -120.0 253.45 -10.98
16 57.5 0.3 -120.0 1069.15 -15.62
17 57.5 0.42 -120.0 819.72 -14.46
18 57.5 0.45 -120.0 600.54 -13.3
19 57.5 0.36 -120.0 416.94 -12.14
20 57.5 0.22 -120.0 293.79 -10.98
16 58.0 0.24 -120.0 1123.35 -15.62
17 58.0 0.32 -120.0 867.7 -14.46
18 58.0 0.32 -120.0 643.88 -13.3
19 58.0 0.24 -120.0 459.13 -12.14
17 58.5 0.23 -120.0 919.96 -14.46
18 58.5 0.22 -120.0 693.46 -13.3
