-4.0 61.0 571.87 -11.64 61.12 -4.56 -6.0
-4.0 61.5 568.72 -12.09 61.62 -4.56 -6.0
-4.0 62.0 595.05 -12.55 62.13 -4.58 -6.0
-4.0 62.5 632.02 -12.91 62.64 -4.62 -6.0
-4.0 63.0 697.27 -12.99 63.16 -4.68 -6.0
-3.0 59.5 425.91 -11.3 59.58 -3.42 -6.0
-3.0 60.0 482.61 -12.19 60.1 -3.47 -6.0
-3.0 60.5 529.82 -12.55 60.62 -3.52 -6.0
-3.0 61.0 565.74 -12.76 61.12 -3.55 -6.0
-3.0 61.5 603.9 -12.56 61.63 -3.59 -6.0
-3.0 62.0 646.92 -13.32 62.15 -3.63 -6.0
-3.0 62.5 736.74 -14.16 62.68 -3.71 -6.0
-3.0 63.0 836.38 -14.01 63.2 -3.81 -6.0
-3.0 63.5 926.96 -13.99 63.72 -3.9 -6.0
-3.0 64.0 949.7 -13.9 64.23 -3.92 -6.0
-2.0 58.5 368.84 -14.11 58.59 -2.36 -6.0
-2.0 59.0 414.37 -13.98 59.1 -2.4 -6.0
-2.0 59.5 460.66 -13.59 59.61 -2.45 -6.0
-2.0 60.0 514.02 -12.77 60.11 -2.5 -6.0
-2.0 60.5 558.66 -12.94 60.63 -2.54 -6.0
-2.0 61.0 601.46 -13.2 61.14 -2.59 -6.0
-2.0 61.5 603.42 -13.88 61.64 -2.59 -6.0
-2.0 62.0 642.75 -13.59 62.15 -2.62 -6.0
-2.0 62.5 717.43 -14.14 62.68 -2.7 -6.0
-2.0 63.0 786.15 -14.3 63.19 -2.76 -6.0
-2.0 63.5 846.8 -14.06 63.71 -2.82 -6.0
-2.0 64.0 898.01 -13.68 64.21 -2.87 -6.0
-2.0 64.5 919.89 -13.16 64.71 -2.9 -6.0
-1.0 58.0 352.11 -12.62 58.08 -1.34 -6.0
-1.0 58.5 379.33 -13.64 58.59 -1.37 -6.0
-1.0 59.0 420.67 -14.39 59.1 -1.41 -6.0
-1.0 59.5 454.44 -14.89 59.62 -1.44 -6.0
-1.0 60.0 470.99 -14.77 60.12 -1.46 -6.0
-1.0 60.5 505.7 -14.31 60.62 -1.49 -6.0
-1.0 61.0 554.21 -14.19 61.14 -1.54 -6.0
-1.0 61.5 605.52 -14.05 61.65 -1.59 -6.0
-1.0 62.0 659.79 -14.15 62.16 -1.64 -6.0
-1.0 62.5 665.06 -14.28 62.66 -1.64 -6.0
-1.0 63.0 696.09 -14.09 63.17 -1.68 -6.0
-1.0 63.5 741.82 -13.28 63.67 -1.72 -6.0
-1.0 64.0 764.37 -12.99 64.17 -1.74 -6.0
0.0 57.5 379.35 -11.48 57.58 -0.37 -6.0
0.0 58.0 437.88 -12.3 58.09 -0.43 -6.0
0.0 58.5 486.87 -13.25 58.61 -0.47 -6.0
0.0 59.0 493.85 -13.75 59.12 -0.48 -6.0
0.0 59.5 469.05 -14.16 59.61 -0.45 -6.0
0.0 60.0 510.39 -14.49 60.13 -0.49 -6.0
0.0 60.5 537.4 -14.3 60.63 -0.52 -6.0
0.0 61.0 585.15 -13.82 61.14 -0.57 -6.0
0.0 61.5 621.58 -13.96 61.65 -0.6 -6.0
0.0 62.0 629.69 -14.01 62.15 -0.61 -6.0
0.0 62.5 619.13 -13.68 62.65 -0.6 -6.0
0.0 63.0 634.87 -13.25 63.15 -0.62 -6.0
0.0 63.5 634.48 -12.23 63.63 -0.62 -6.0
0.0 64.0 659.66 -12.04 64.14 -0.65 -6.0
1.0 56.5 404.31 -11.38 56.58 0.6 -6.0
1.0 57.0 407.96 -11.28 57.08 0.6 -6.0
1.0 57.5 454.06 -12.02 57.59 0.56 -6.0
1.0 58.0 467.26 -12.83 58.1 0.54 -6.0
1.0 58.5 484.69 -13.42 58.61 0.53 -6.0
1.0 59.0 487.28 -12.75 59.11 0.52 -6.0
1.0 59.5 485.36 -12.89 59.61 0.53 -6.0
1.0 60.0 486.87 -12.36 60.1 0.52 -6.0
1.0 60.5 529.73 -12.31 60.61 0.48 -6.0
1.0 61.0 571.2 -12.55 61.12 0.44 -6.0
1.0 61.5 622.35 -12.81 61.64 0.39 -6.0
1.0 62.0 621.05 -13.01 62.14 0.39 -6.0
1.0 62.5 591.87 -12.31 62.63 0.42 -6.0
1.0 63.0 588.22 -12.28 63.13 0.43 -6.0
1.0 63.5 622.9 -11.73 63.63 0.39 -6.0
2.0 57.0 439.53 -12.3 57.09 1.57 -6.0
2.0 57.5 462.47 -11.78 57.59 1.55 -6.0
2.0 58.0 476.82 -12.33 58.1 1.53 -6.0
2.0 58.5 480.57 -12.39 58.6 1.53 -6.0
2.0 59.0 450.23 -11.12 59.09 1.56 -6.0
2.0 59.5 435.79 -9.87 59.57 1.57 -6.0
2.0 60.0 480.6 -9.23 60.08 1.53 -6.0
2.0 60.5 501.15 -9.51 60.58 1.51 -6.0
2.0 61.0 545.9 -10.14 61.1 1.46 -6.0
2.0 61.5 584.41 -11.35 61.62 1.43 -6.0
2.0 62.0 571.01 -12.23 62.12 1.44 -6.0
2.0 62.5 572.29 -13.02 62.63 1.44 -6.0
2.0 63.0 543.7 -13.18 63.12 1.47 -6.0
-7.0 52.0 301.71 -12.98 52.07 -7.29 -96.0
-7.0 52.5 316.02 -13.59 52.57 -7.31 -96.0
-7.0 53.0 339.82 -12.94 53.08 -7.33 -96.0
-7.0 53.5 394.12 -12.42 53.58 -7.38 -96.0
-7.0 55.5 885.94 -15.18 55.73 -7.86 -96.0
-7.0 56.0 979.28 -15.42 56.26 -7.94 -96.0
-7.0 56.5 1032.86 -15.11 56.77 -8.0 -96.0
-7.0 57.0 1067.61 -14.87 57.27 -8.03 -96.0
-7.0 57.5 1084.08 -14.13 57.76 -8.05 -96.0
-7.0 58.0 1083.35 -14.65 58.27 -8.05 -96.0
-7.0 58.5 1087.75 -15.05 58.78 -8.05 -96.0
-7.0 59.0 1072.21 -15.29 59.28 -8.03 -96.0
-7.0 59.5 1055.09 -15.74 59.79 -8.02 -96.0
-7.0 60.0 1021.54 -15.77 60.28 -7.98 -96.0
-7.0 60.5 1052.95 -15.89 60.79 -8.01 -96.0
-6.0 52.5 368.31 -11.33 52.57 -6.36 -96.0
-6.0 53.0 420.77 -10.74 53.08 -6.41 -96.0
-6.0 53.5 558.35 -11.81 53.61 -6.55 -96.0
-6.0 54.0 682.54 -12.78 54.15 -6.67 -96.0
-6.0 54.5 744.42 -12.51 54.66 -6.73 -96.0
-6.0 55.0 841.39 -14.17 55.21 -6.82 -96.0
-6.0 55.5 909.21 -14.58 55.73 -6.88 -96.0
-6.0 56.0 990.92 -14.55 56.25 -6.96 -96.0
-6.0 56.5 1069.21 -13.91 56.76 -7.04 -96.0
-6.0 57.0 1040.54 -13.58 57.24 -7.01 -96.0
-6.0 57.5 1047.7 -13.35 57.74 -7.02 -96.0
-6.0 58.0 1011.33 -13.68 58.24 -6.98 -96.0
-6.0 58.5 999.39 -13.64 58.74 -6.97 -96.0
-6.0 59.0 969.67 -14.38 59.24 -6.94 -96.0
-6.0 59.5 936.04 -14.44 59.73 -6.91 -96.0
-6.0 60.0 915.18 -14.48 60.23 -6.89 -96.0
-6.0 60.5 912.65 -14.35 60.73 -6.88 -96.0
-6.0 61.0 989.84 -14.4 61.25 -6.96 -96.0
-5.0 52.5 568.44 -7.8 52.58 -5.56 -96.0
-5.0 53.0 600.6 -9.19 53.1 -5.59 -96.0
-5.0 53.5 670.91 -10.95 53.63 -5.66 -96.0
-5.0 54.0 719.02 -12.41 54.15 -5.7 -96.0
-5.0 54.5 792.86 -12.85 54.68 -5.77 -96.0
-5.0 55.0 863.09 -13.04 55.19 -5.84 -96.0
-5.0 55.5 950.34 -12.51 55.71 -5.93 -96.0
-5.0 56.0 1015.58 -12.19 56.21 -5.99 -96.0
-5.0 56.5 1061.28 -11.83 56.72 -6.04 -96.0
-5.0 57.0 980.22 -11.67 57.2 -5.96 -96.0
-5.0 57.5 985.79 -11.25 57.69 -5.97 -96.0
-5.0 58.0 972.99 -12.08 58.2 -5.95 -96.0
-5.0 58.5 967.43 -12.52 58.71 -5.94 -96.0
-5.0 59.0 942.04 -13.4 59.22 -5.92 -96.0
-5.0 59.5 908.47 -13.15 59.71 -5.88 -96.0
-5.0 60.0 885.13 -12.99 60.2 -5.86 -96.0
-5.0 60.5 899.63 -13.15 60.7 -5.88 -96.0
-5.0 61.0 996.96 -13.23 61.23 -5.97 -96.0
-4.0 52.5 508.36 -8.46 52.57 -4.5 -96.0
-4.0 53.0 552.24 -9.7 53.09 -4.54 -96.0
-4.0 53.5 606.86 -10.92 53.61 -4.6 -96.0
-4.0 54.0 676.42 -11.75 54.14 -4.66 -96.0
-4.0 54.5 729.5 -12.41 54.66 -4.71 -96.0
-4.0 55.0 813.23 -12.45 55.18 -4.79 -96.0
-4.0 55.5 856.68 -12.26 55.68 -4.84 -96.0
-4.0 56.0 929.46 -11.3 56.18 -4.91 -96.0
-4.0 56.5 985.77 -9.98 56.67 -4.97 -96.0
-4.0 57.0 957.89 -9.88 57.16 -4.94 -96.0
-4.0 57.5 932.44 -9.5 57.65 -4.92 -96.0
-4.0 58.0 887.4 -10.72 58.17 -4.87 -96.0
-4.0 58.5 849.95 -11.53 58.67 -4.83 -96.0
-4.0 59.0 816.25 -12.52 59.18 -4.8 -96.0
-4.0 59.5 806.49 -13.14 59.68 -4.79 -96.0
-4.0 60.0 803.39 -13.8 60.19 -4.78 -96.0
-3.0 52.5 508.97 -9.98 52.59 -3.5 -96.0
-3.0 53.0 517.29 -10.74 53.1 -3.51 -96.0
-3.0 53.5 559.04 -11.83 53.61 -3.55 -96.0
-3.0 54.0 632.17 -11.29 54.12 -3.62 -96.0
-3.0 54.5 714.36 -10.92 54.64 -3.7 -96.0
-3.0 55.0 788.08 -10.89 55.15 -3.77 -96.0
-3.0 55.5 815.63 -11.21 55.66 -3.8 -96.0
-3.0 56.0 856.71 -10.67 56.16 -3.84 -96.0
-3.0 56.5 894.25 -10.37 56.66 -3.88 -96.0
-3.0 57.0 868.22 -10.02 57.15 -3.85 -96.0
-3.0 57.5 815.94 -9.45 57.63 -3.8 -96.0
-3.0 58.0 720.23 -10.0 58.13 -3.71 -96.0
-3.0 58.5 677.47 -11.06 58.63 -3.66 -96.0
-3.0 59.0 660.96 -12.12 59.14 -3.65 -96.0
-3.0 59.5 635.7 -13.45 59.65 -3.62 -96.0
-2.0 52.5 495.99 -7.55 52.57 -2.49 -96.0
-2.0 53.0 509.13 -10.54 53.09 -2.5 -96.0
-2.0 53.5 567.6 -11.99 53.62 -2.56 -96.0
-2.0 54.0 663.61 -12.67 54.15 -2.65 -96.0
-2.0 54.5 707.85 -12.45 54.65 -2.69 -96.0
-2.0 55.0 731.59 -12.34 55.16 -2.71 -96.0
-2.0 55.5 795.18 -11.71 55.66 -2.78 -96.0
-2.0 56.0 767.82 -11.96 56.16 -2.75 -96.0
-2.0 56.5 744.3 -10.87 56.64 -2.73 -96.0
-2.0 57.0 701.09 -8.91 57.11 -2.69 -96.0
-2.0 57.5 630.37 -7.75 57.58 -2.62 -96.0
-2.0 58.0 616.09 -9.09 58.1 -2.61 -96.0
-2.0 58.5 592.4 -9.08 58.59 -2.58 -96.0
-1.0 53.5 466.91 -10.15 53.58 -1.46 -96.0
-1.0 54.0 533.44 -11.56 54.11 -1.52 -96.0
-1.0 54.5 578.46 -10.73 54.61 -1.57 -96.0
-1.0 55.0 616.72 -9.98 55.11 -1.61 -96.0
-1.0 55.5 596.52 -9.94 55.6 -1.59 -96.0
-1.0 56.0 542.75 -9.71 56.09 -1.53 -96.0
0.0 55.0 491.22 -9.01 55.08 -0.49 -96.0
0.0 55.5 498.82 -8.85 55.58 -0.49 -96.0
-5.0 60.0 691.36 -13.92 60.17 -5.67 -19.0
-5.0 60.5 692.42 -14.07 60.67 -5.67 -19.0
-5.0 61.0 745.86 -14.16 61.18 -5.72 -19.0
-5.0 61.5 739.76 -13.5 61.67 -5.72 -19.0
-4.0 58.0 539.55 -13.48 58.13 -4.52 -19.0
-4.0 58.5 590.34 -13.8 58.64 -4.57 -19.0
-4.0 59.0 612.15 -14.14 59.15 -4.59 -19.0
-4.0 59.5 638.07 -14.05 59.65 -4.62 -19.0
-4.0 60.0 624.15 -13.97 60.15 -4.61 -19.0
-4.0 60.5 657.49 -14.05 60.66 -4.64 -19.0
-4.0 61.0 692.51 -13.29 61.16 -4.67 -19.0
-4.0 61.5 736.1 -13.27 61.67 -4.72 -19.0
-4.0 62.0 754.47 -13.3 62.17 -4.73 -19.0
-4.0 62.5 784.75 -12.89 62.68 -4.76 -19.0
-4.0 63.0 797.62 -12.79 63.18 -4.78 -19.0
-4.0 63.5 820.69 -12.77 63.68 -4.8 -19.0
-4.0 64.0 870.65 -13.01 64.2 -4.85 -19.0
-3.0 56.5 406.4 -12.8 56.59 -3.4 -19.0
-3.0 57.0 461.27 -12.51 57.1 -3.45 -19.0
-3.0 57.5 480.82 -12.41 57.6 -3.47 -19.0
-3.0 58.0 484.39 -12.89 58.11 -3.47 -19.0
-3.0 58.5 499.99 -12.81 58.61 -3.49 -19.0
-3.0 59.0 541.83 -13.27 59.12 -3.53 -19.0
-3.0 59.5 560.29 -13.72 59.63 -3.54 -19.0
-3.0 60.0 590.63 -13.56 60.14 -3.57 -19.0
-3.0 60.5 636.86 -13.51 60.65 -3.62 -19.0
-3.0 61.0 671.65 -13.43 61.16 -3.65 -19.0
-3.0 61.5 712.73 -13.37 61.66 -3.69 -19.0
-3.0 62.0 735.73 -13.28 62.17 -3.72 -19.0
-3.0 62.5 766.84 -13.07 62.67 -3.75 -19.0
-3.0 63.0 742.17 -12.71 63.16 -3.72 -19.0
-3.0 63.5 779.04 -12.85 63.67 -3.76 -19.0
-3.0 64.0 779.52 -13.03 64.18 -3.76 -19.0
-2.0 56.0 373.32 -11.47 56.07 -2.37 -19.0
-2.0 56.5 384.84 -11.94 56.58 -2.38 -19.0
-2.0 57.0 402.82 -12.06 57.08 -2.39 -19.0
-2.0 57.5 412.28 -12.44 57.59 -2.4 -19.0
-2.0 58.0 409.46 -12.71 58.09 -2.4 -19.0
-2.0 58.5 430.35 -12.84 58.6 -2.42 -19.0
-2.0 59.0 479.33 -12.95 59.11 -2.47 -19.0
-2.0 59.5 512.67 -12.71 59.61 -2.5 -19.0
-2.0 60.0 558.78 -12.53 60.12 -2.55 -19.0
-2.0 60.5 586.75 -12.54 60.63 -2.57 -19.0
-2.0 61.0 623.26 -12.8 61.14 -2.61 -19.0
-2.0 61.5 664.82 -13.02 61.65 -2.65 -19.0
-2.0 62.0 684.56 -13.05 62.15 -2.67 -19.0
-2.0 62.5 691.55 -12.97 62.66 -2.67 -19.0
-2.0 63.0 697.48 -12.9 63.16 -2.68 -19.0
-2.0 63.5 685.6 -12.86 63.65 -2.67 -19.0
-2.0 64.0 692.84 -12.49 64.15 -2.68 -19.0
-1.0 56.5 353.87 -9.53 56.56 -1.35 -19.0
-1.0 57.0 379.82 -10.37 57.07 -1.37 -19.0
-1.0 57.5 373.5 -11.26 57.57 -1.37 -19.0
-1.0 58.0 381.24 -12.14 58.08 -1.37 -19.0
-1.0 58.5 415.86 -12.35 58.59 -1.41 -19.0
-1.0 59.0 470.79 -12.45 59.1 -1.46 -19.0
-1.0 59.5 505.83 -12.28 59.61 -1.49 -19.0
-1.0 60.0 532.57 -12.43 60.11 -1.52 -19.0
-1.0 60.5 561.91 -12.6 60.62 -1.55 -19.0
-1.0 61.0 584.91 -13.06 61.13 -1.57 -19.0
-1.0 61.5 599.38 -13.22 61.64 -1.58 -19.0
-1.0 62.0 590.85 -12.96 62.13 -1.58 -19.0
-1.0 62.5 598.0 -12.78 62.63 -1.58 -19.0
-1.0 63.0 608.86 -12.93 63.14 -1.59 -19.0
-1.0 63.5 615.83 -13.03 63.64 -1.6 -19.0
0.0 56.5 373.44 -8.52 56.56 -0.37 -19.0
0.0 57.0 400.87 -9.51 57.07 -0.4 -19.0
0.0 57.5 432.68 -9.49 57.57 -0.43 -19.0
0.0 58.0 464.59 -10.04 58.08 -0.46 -19.0
0.0 58.5 466.5 -10.6 58.59 -0.46 -19.0
0.0 59.0 476.82 -11.15 59.09 -0.47 -19.0
0.0 59.5 514.67 -12.0 59.61 -0.5 -19.0
0.0 60.0 529.7 -12.32 60.11 -0.52 -19.0
0.0 60.5 526.53 -12.41 60.61 -0.51 -19.0
0.0 61.0 529.11 -12.65 61.12 -0.52 -19.0
0.0 61.5 537.36 -12.44 61.62 -0.52 -19.0
0.0 62.0 570.06 -12.52 62.12 -0.56 -19.0
0.0 62.5 586.3 -12.81 62.63 -0.57 -19.0
0.0 63.0 561.63 -12.5 63.12 -0.55 -19.0
1.0 56.5 416.01 -6.81 56.55 0.59 -19.0
1.0 57.0 480.01 -7.52 57.06 0.52 -19.0
1.0 57.5 510.05 -7.49 57.57 0.49 -19.0
1.0 58.0 512.33 -8.14 58.07 0.49 -19.0
1.0 58.5 515.73 -9.35 58.58 0.49 -19.0
1.0 59.0 497.86 -10.18 59.09 0.51 -19.0
1.0 59.5 493.49 -10.69 59.59 0.52 -19.0
1.0 60.0 490.94 -10.99 60.09 0.52 -19.0
1.0 60.5 510.38 -11.43 60.6 0.5 -19.0
1.0 61.0 503.76 -10.93 61.1 0.51 -19.0
1.0 61.5 529.56 -10.46 61.6 0.48 -19.0
1.0 62.0 531.1 -10.04 62.09 0.48 -19.0
2.0 57.0 460.01 -7.99 57.06 1.54 -19.0
2.0 57.5 476.79 -8.07 57.57 1.53 -19.0
2.0 58.0 472.62 -8.51 58.07 1.53 -19.0
2.0 58.5 489.26 -9.11 58.58 1.52 -19.0
2.0 59.0 493.9 -9.2 59.08 1.51 -19.0
2.0 59.5 470.69 -9.38 59.58 1.54 -19.0
2.0 60.0 486.29 -10.02 60.08 1.52 -19.0
2.0 60.5 467.93 -10.11 60.58 1.54 -19.0
2.0 61.0 472.0 -8.94 61.07 1.53 -19.0
-6.0 59.0 713.25 -13.8 59.17 -6.69 -37.0
-6.0 59.5 758.84 -14.04 59.68 -6.74 -37.0
-6.0 60.0 799.43 -13.91 60.19 -6.78 -37.0
-6.0 60.5 794.75 -14.0 60.69 -6.77 -37.0
-6.0 61.0 797.94 -14.27 61.2 -6.77 -37.0
-6.0 61.5 815.1 -14.64 61.71 -6.79 -37.0
-6.0 62.0 822.33 -14.86 62.21 -6.79 -37.0
-5.0 56.0 404.17 -13.04 56.09 -5.39 -37.0
-5.0 56.5 463.5 -13.44 56.61 -5.45 -37.0
-5.0 57.0 537.35 -13.3 57.12 -5.52 -37.0
-5.0 57.5 613.95 -13.08 57.64 -5.6 -37.0
-5.0 58.0 669.92 -13.3 58.15 -5.65 -37.0
-5.0 58.5 695.68 -13.31 58.66 -5.68 -37.0
-5.0 59.0 730.96 -13.36 59.17 -5.71 -37.0
-5.0 59.5 749.66 -13.3 59.67 -5.73 -37.0
-5.0 60.0 773.34 -12.88 60.17 -5.75 -37.0
-5.0 60.5 774.09 -12.93 60.67 -5.75 -37.0
-5.0 61.0 789.27 -13.25 61.18 -5.77 -37.0
-5.0 61.5 797.51 -13.26 61.68 -5.78 -37.0
-5.0 62.0 793.18 -13.55 62.19 -5.77 -37.0
-5.0 62.5 817.04 -13.72 62.69 -5.79 -37.0
-5.0 63.0 855.34 -14.12 63.21 -5.83 -37.0
-4.0 55.5 381.94 -12.99 55.59 -4.37 -37.0
-4.0 56.0 419.67 -12.87 56.09 -4.41 -37.0
-4.0 56.5 477.15 -12.89 56.61 -4.47 -37.0
-4.0 57.0 540.22 -12.96 57.12 -4.53 -37.0
-4.0 57.5 586.74 -12.6 57.63 -4.57 -37.0
-4.0 58.0 628.65 -12.69 58.14 -4.61 -37.0
-4.0 58.5 646.81 -12.53 58.64 -4.63 -37.0
-4.0 59.0 688.2 -12.32 59.15 -4.67 -37.0
-4.0 59.5 701.97 -12.2 59.65 -4.69 -37.0
-4.0 60.0 714.66 -12.15 60.15 -4.7 -37.0
-4.0 60.5 729.62 -12.25 60.65 -4.71 -37.0
-4.0 61.0 746.53 -12.46 61.16 -4.73 -37.0
-4.0 61.5 741.18 -12.67 61.66 -4.72 -37.0
-4.0 62.0 742.62 -13.07 62.17 -4.72 -37.0
-4.0 62.5 779.45 -13.5 62.68 -4.76 -37.0
-4.0 63.0 792.15 -13.94 63.19 -4.77 -37.0
-4.0 63.5 781.7 -13.96 63.69 -4.76 -37.0
-3.0 55.0 351.13 -9.76 55.06 -3.35 -37.0
-3.0 55.5 382.87 -10.93 55.57 -3.38 -37.0
-3.0 56.0 423.82 -10.8 56.08 -3.42 -37.0
-3.0 56.5 479.55 -11.07 56.59 -3.47 -37.0
-3.0 57.0 517.92 -10.69 57.1 -3.51 -37.0
-3.0 57.5 542.22 -10.92 57.6 -3.53 -37.0
-3.0 58.0 577.15 -11.17 58.11 -3.57 -37.0
-3.0 58.5 612.72 -11.49 58.62 -3.6 -37.0
-3.0 59.0 624.6 -11.7 59.13 -3.61 -37.0
-3.0 59.5 636.32 -11.7 59.63 -3.62 -37.0
-3.0 60.0 653.18 -11.73 60.13 -3.64 -37.0
-3.0 60.5 666.93 -11.84 60.64 -3.65 -37.0
-3.0 61.0 679.79 -12.04 61.14 -3.66 -37.0
-3.0 61.5 687.1 -12.54 61.65 -3.67 -37.0
-3.0 62.0 701.86 -12.71 62.15 -3.68 -37.0
-3.0 62.5 727.61 -13.11 62.67 -3.71 -37.0
-3.0 63.0 705.08 -13.04 63.16 -3.69 -37.0
-3.0 63.5 685.61 -12.78 63.65 -3.67 -37.0
-2.0 55.0 365.18 -5.77 55.04 -2.36 -37.0
-2.0 55.5 377.65 -7.46 55.55 -2.37 -37.0
-2.0 56.0 401.15 -8.23 56.06 -2.4 -37.0
-2.0 56.5 454.04 -9.24 56.57 -2.45 -37.0
-2.0 57.0 498.72 -9.21 57.08 -2.49 -37.0
-2.0 57.5 542.91 -9.49 57.59 -2.54 -37.0
-2.0 58.0 558.17 -10.31 58.1 -2.55 -37.0
-2.0 58.5 567.85 -10.71 58.61 -2.56 -37.0
-2.0 59.0 585.29 -10.92 59.11 -2.57 -37.0
-2.0 59.5 596.4 -10.76 59.61 -2.59 -37.0
-2.0 60.0 602.87 -10.46 60.11 -2.59 -37.0
-2.0 60.5 625.58 -10.55 60.61 -2.62 -37.0
-2.0 61.0 630.73 -10.75 61.12 -2.62 -37.0
-2.0 61.5 644.62 -10.91 61.62 -2.63 -37.0
-2.0 62.0 646.06 -11.01 62.12 -2.63 -37.0
-2.0 62.5 650.2 -11.12 62.63 -2.64 -37.0
-2.0 63.0 657.12 -11.46 63.13 -2.64 -37.0
-1.0 55.5 364.94 -7.39 55.55 -1.36 -37.0
-1.0 56.0 421.1 -8.32 56.06 -1.42 -37.0
-1.0 56.5 490.29 -8.9 56.58 -1.48 -37.0
-1.0 57.0 539.62 -8.73 57.08 -1.53 -37.0
-1.0 57.5 545.82 -9.9 57.59 -1.54 -37.0
-1.0 58.0 544.02 -10.04 58.09 -1.54 -37.0
-1.0 58.5 558.59 -10.19 58.6 -1.55 -37.0
-1.0 59.0 565.7 -10.14 59.1 -1.56 -37.0
-1.0 59.5 566.19 -9.88 59.6 -1.56 -37.0
-1.0 60.0 564.82 -9.28 60.09 -1.56 -37.0
-1.0 60.5 572.15 -8.86 60.59 -1.57 -37.0
-1.0 61.0 592.09 -8.74 61.09 -1.59 -37.0
-1.0 61.5 615.2 -8.24 61.59 -1.61 -37.0
-1.0 62.0 634.61 -9.03 62.1 -1.63 -37.0
0.0 55.5 444.74 -6.52 55.55 -0.44 -37.0
0.0 56.0 489.28 -8.15 56.07 -0.48 -37.0
0.0 56.5 523.1 -9.14 56.58 -0.52 -37.0
0.0 57.0 538.76 -9.48 57.09 -0.53 -37.0
0.0 57.5 549.16 -9.12 57.59 -0.54 -37.0
0.0 58.0 576.03 -8.7 58.09 -0.57 -37.0
0.0 58.5 560.69 -9.12 58.59 -0.55 -37.0
0.0 59.0 582.3 -9.69 59.1 -0.57 -37.0
0.0 59.5 558.85 -9.88 59.6 -0.55 -37.0
0.0 60.0 583.25 -9.59 60.1 -0.58 -37.0
0.0 60.5 579.05 -8.43 60.58 -0.57 -37.0
0.0 61.0 570.64 -7.93 61.08 -0.57 -37.0
1.0 55.5 472.75 -5.49 55.55 0.53 -37.0
1.0 56.0 502.92 -7.12 56.06 0.5 -37.0
1.0 56.5 517.63 -7.98 56.57 0.49 -37.0
1.0 57.0 521.15 -8.41 57.08 0.48 -37.0
1.0 57.5 513.3 -8.64 57.58 0.49 -37.0
1.0 58.0 520.38 -8.58 58.08 0.49 -37.0
1.0 58.5 528.58 -9.7 58.59 0.48 -37.0
1.0 59.0 511.52 -10.49 59.09 0.5 -37.0
1.0 59.5 503.07 -10.88 59.59 0.51 -37.0
2.0 55.5 419.05 -5.9 55.54 1.58 -37.0
2.0 56.0 451.76 -6.4 56.05 1.55 -37.0
2.0 56.5 462.27 -6.81 56.55 1.54 -37.0
2.0 57.0 449.53 -7.13 57.06 1.55 -37.0
2.0 57.5 458.86 -8.11 57.56 1.55 -37.0
2.0 58.0 446.45 -9.48 58.07 1.56 -37.0
-6.0 54.5 395.68 -12.08 54.58 -6.39 -55.0
-6.0 55.0 429.51 -13.31 55.1 -6.42 -55.0
-6.0 55.5 464.15 -14.49 55.62 -6.45 -55.0
-6.0 56.0 509.8 -14.85 56.13 -6.49 -55.0
-6.0 56.5 569.23 -14.8 56.65 -6.55 -55.0
-6.0 57.0 627.16 -14.64 57.16 -6.61 -55.0
-6.0 57.5 710.8 -14.38 57.68 -6.69 -55.0
-6.0 58.0 775.2 -14.36 58.19 -6.75 -55.0
-6.0 58.5 802.75 -14.54 58.7 -6.78 -55.0
-6.0 59.0 815.48 -14.95 59.21 -6.79 -55.0
-6.0 59.5 806.67 -15.06 59.71 -6.78 -55.0
-6.0 60.0 791.77 -15.06 60.21 -6.76 -55.0
-6.0 60.5 778.71 -14.68 60.7 -6.75 -55.0
-6.0 61.0 779.54 -14.27 61.19 -6.76 -55.0
-6.0 61.5 786.87 -14.37 61.7 -6.76 -55.0
-5.0 53.0 321.57 -11.48 53.06 -5.32 -55.0
-5.0 53.5 354.85 -10.54 53.56 -5.35 -55.0
-5.0 54.0 391.46 -10.89 54.07 -5.38 -55.0
-5.0 54.5 421.75 -12.81 54.59 -5.41 -55.0
-5.0 55.0 457.01 -13.45 55.11 -5.44 -55.0
-5.0 55.5 518.02 -13.8 55.62 -5.5 -55.0
-5.0 56.0 572.12 -13.96 56.14 -5.56 -55.0
-5.0 56.5 630.06 -13.89 56.65 -5.61 -55.0
-5.0 57.0 688.77 -13.58 57.16 -5.67 -55.0
-5.0 57.5 756.68 -13.58 57.68 -5.74 -55.0
-5.0 58.0 797.38 -13.56 58.19 -5.78 -55.0
-5.0 58.5 812.22 -13.67 58.69 -5.79 -55.0
-5.0 59.0 826.45 -13.78 59.2 -5.8 -55.0
-5.0 59.5 837.36 -13.77 59.7 -5.81 -55.0
-5.0 60.0 836.05 -14.14 60.2 -5.81 -55.0
-5.0 60.5 811.69 -13.69 60.69 -5.79 -55.0
-5.0 61.0 774.4 -13.17 61.18 -5.75 -55.0
-5.0 61.5 763.15 -13.21 61.67 -5.74 -55.0
-5.0 62.0 781.57 -13.25 62.18 -5.76 -55.0
-4.0 53.0 383.75 -8.08 53.05 -4.38 -55.0
-4.0 53.5 395.75 -7.79 53.55 -4.39 -55.0
-4.0 54.0 395.73 -9.53 54.07 -4.39 -55.0
-4.0 54.5 411.68 -11.16 54.58 -4.4 -55.0
-4.0 55.0 475.92 -11.38 55.09 -4.47 -55.0
-4.0 55.5 535.51 -11.9 55.61 -4.52 -55.0
-4.0 56.0 591.43 -12.46 56.13 -4.58 -55.0
-4.0 56.5 660.14 -12.42 56.64 -4.64 -55.0
-4.0 57.0 688.76 -12.53 57.15 -4.67 -55.0
-4.0 57.5 701.72 -12.69 57.65 -4.68 -55.0
-4.0 58.0 746.06 -12.57 58.16 -4.73 -55.0
-4.0 58.5 771.08 -13.04 58.67 -4.75 -55.0
-4.0 59.0 794.05 -13.49 59.19 -4.77 -55.0
-4.0 59.5 781.81 -13.08 59.68 -4.76 -55.0
-4.0 60.0 774.65 -13.44 60.18 -4.75 -55.0
-4.0 60.5 742.17 -12.82 60.66 -4.72 -55.0
-4.0 61.0 741.27 -11.94 61.15 -4.73 -55.0
-4.0 61.5 725.74 -11.15 61.64 -4.71 -55.0
-4.0 62.0 712.11 -11.06 62.14 -4.7 -55.0
-3.0 53.0 421.54 -4.79 53.04 -3.42 -55.0
-3.0 53.5 430.59 -5.31 53.54 -3.43 -55.0
-3.0 54.0 412.43 -5.93 54.04 -3.41 -55.0
-3.0 54.5 445.43 -7.51 54.56 -3.44 -55.0
-3.0 55.0 496.29 -8.62 55.07 -3.49 -55.0
-3.0 55.5 540.17 -9.59 55.59 -3.53 -55.0
-3.0 56.0 573.47 -10.45 56.1 -3.56 -55.0
-3.0 56.5 590.26 -10.08 56.6 -3.58 -55.0
-3.0 57.0 603.78 -9.52 57.1 -3.6 -55.0
-3.0 57.5 622.96 -10.29 57.61 -3.61 -55.0
-3.0 58.0 674.33 -10.29 58.12 -3.66 -55.0
-3.0 58.5 698.22 -11.18 58.64 -3.68 -55.0
-3.0 59.0 721.36 -12.03 59.15 -3.71 -55.0
-3.0 59.5 710.99 -12.04 59.65 -3.7 -55.0
-3.0 60.0 703.33 -12.52 60.15 -3.69 -55.0
-3.0 60.5 678.11 -11.96 60.64 -3.66 -55.0
-3.0 61.0 673.24 -11.42 61.13 -3.66 -55.0
-3.0 61.5 644.65 -11.59 61.63 -3.63 -55.0
-2.0 53.0 386.51 -4.34 53.03 -2.39 -55.0
-2.0 53.5 419.26 -3.13 53.52 -2.42 -55.0
-2.0 54.0 465.86 -4.2 54.03 -2.46 -55.0
-2.0 54.5 483.6 -4.5 54.54 -2.48 -55.0
-2.0 55.0 546.32 -6.31 55.06 -2.54 -55.0
-2.0 55.5 546.49 -7.72 55.57 -2.54 -55.0
-2.0 56.0 561.22 -7.96 56.08 -2.56 -55.0
-2.0 56.5 572.24 -8.61 56.59 -2.57 -55.0
-2.0 57.0 586.44 -7.94 57.08 -2.58 -55.0
-2.0 57.5 643.03 -8.53 57.6 -2.64 -55.0
-2.0 58.0 684.12 -8.85 58.11 -2.68 -55.0
-2.0 58.5 697.01 -9.36 58.61 -2.69 -55.0
-2.0 59.0 676.74 -8.99 59.11 -2.67 -55.0
-2.0 59.5 650.75 -10.13 59.61 -2.64 -55.0
-2.0 60.0 624.1 -11.16 60.12 -2.61 -55.0
-2.0 60.5 593.72 -10.76 60.61 -2.58 -55.0
-1.0 53.5 455.87 -3.85 53.53 -1.45 -55.0
-1.0 54.0 516.31 -5.84 54.05 -1.51 -55.0
-1.0 54.5 507.5 -5.61 54.55 -1.51 -55.0
-1.0 55.0 550.55 -7.04 55.07 -1.55 -55.0
-1.0 55.5 566.37 -8.23 55.58 -1.56 -55.0
-1.0 56.0 573.18 -7.48 56.07 -1.57 -55.0
-1.0 56.5 569.87 -7.79 56.58 -1.56 -55.0
-1.0 57.0 634.63 -8.61 57.1 -1.63 -55.0
-1.0 57.5 699.95 -10.35 57.63 -1.69 -55.0
-1.0 58.0 754.91 -10.54 58.14 -1.74 -55.0
-1.0 58.5 684.08 -9.76 58.62 -1.67 -55.0
0.0 55.0 501.91 -9.86 55.09 -0.49 -55.0
0.0 55.5 530.59 -10.95 55.6 -0.52 -55.0
0.0 56.0 546.93 -11.8 56.11 -0.54 -55.0
0.0 56.5 594.44 -11.35 56.62 -0.58 -55.0
0.0 57.0 626.0 -10.89 57.12 -0.61 -55.0
