dateStr radId minTime maxTime
20110205 33.0 230 330
20110205 204.0 330 330
20110205 205.0 230 330
20110205 206.0 230 330
20110205 207.0 230 330
20110302 32.0 100 230
20110302 33.0 100 230
20110302 205.0 200 230
20110302 206.0 100 230
20110302 207.0 100 230
20110310 32.0 600 600
20110310 33.0 600 600
20110310 205.0 600 600
20110310 206.0 600 600
20110310 207.0 600 600
20110312 32.0 30 30
20110312 33.0 30 30
20110312 205.0 30 30
20110312 207.0 30 30
20110403 32.0 400 600
20110403 33.0 400 600
20110403 206.0 400 600
20110403 207.0 400 600
20110404 32.0 400 630
20110404 33.0 400 500
20110404 204.0 430 500
20110404 205.0 400 630
20110404 206.0 430 630
20110404 207.0 400 630
20110409 33.0 800 900
20110409 204.0 800 930
20110409 205.0 800 930
20110409 206.0 800 930
20110409 207.0 800 930
20110413 32.0 400 530
20110413 33.0 400 600
20110413 204.0 400 600
20110413 205.0 400 530
20110413 206.0 400 600
20110413 207.0 400 600
20110430 32.0 430 430
20110430 33.0 430 430
20110430 204.0 430 430
20110430 205.0 430 430
20110501 32.0 300 530
20110501 33.0 300 530
20110501 204.0 330 530
20110501 205.0 300 530
20110501 206.0 300 530
20110501 207.0 300 500
20110502 32.0 100 630
20110502 33.0 100 630
20110502 204.0 500 630
20110502 205.0 100 630
20110502 206.0 130 600
20110502 207.0 100 630
20110503 32.0 500 500
20110503 204.0 500 500
20110503 205.0 500 500
20110503 206.0 500 500
20110503 207.0 500 500
20110529 32.0 500 530
20110529 33.0 130 530
20110529 204.0 130 500
20110529 205.0 130 530
20110529 206.0 200 530
20110529 207.0 130 530
20110531 33.0 630 830
20110531 204.0 630 830
20110531 205.0 630 800
20110531 206.0 630 830
20110531 207.0 630 830
20110602 32.0 700 700
20110602 33.0 700 700
20110602 204.0 700 730
20110602 205.0 700 730
20110602 206.0 700 730
20110602 207.0 700 730
20110605 32.0 100 100
20110605 33.0 100 100
20110605 204.0 100 100
20110605 205.0 100 100
20110605 206.0 100 100
20110605 207.0 100 100
20110608 32.0 430 430
20110608 33.0 430 500
20110608 204.0 430 500
20110608 205.0 430 500
20110608 207.0 430 500
20110609 204.0 630 630
20110609 205.0 630 630
20110609 206.0 630 630
20110609 207.0 630 630
20110611 32.0 700 830
20110611 33.0 700 830
20110611 204.0 700 900
20110611 205.0 800 900
20110611 206.0 700 900
20110611 207.0 700 900
20110620 33.0 830 830
20110620 204.0 830 830
20110620 205.0 830 830
20110620 206.0 830 830
20110620 207.0 830 830
20110621 33.0 730 830
20110621 204.0 730 900
20110621 205.0 730 900
20110621 206.0 730 900
20110621 207.0 730 900
20110622 33.0 630 630
20110622 204.0 630 630
20110622 205.0 630 630
20110622 206.0 630 630
20110622 207.0 630 630
20110623 32.0 730 730
20110623 33.0 630 730
20110623 204.0 630 730
20110623 205.0 630 730
20110623 206.0 630 730
20110623 207.0 630 700
20110624 33.0 230 230
20110624 205.0 230 230
20110624 206.0 230 230
20110624 207.0 230 230
20110625 32.0 600 630
20110625 33.0 600 800
20110625 204.0 600 800
20110625 205.0 600 800
20110625 206.0 630 800
20110625 207.0 600 800
20110701 32.0 630 800
20110701 204.0 630 830
20110701 205.0 630 830
20110701 206.0 630 830
20110701 207.0 630 830
20110705 32.0 430 600
20110705 204.0 430 600
20110705 205.0 430 600
20110705 206.0 430 600
20110705 207.0 430 530
20110709 32.0 600 600
20110709 204.0 600 600
20110709 205.0 600 600
20110709 206.0 600 600
20110709 207.0 600 600
20110720 32.0 600 700
20110720 204.0 600 700
20110720 205.0 600 700
20110720 206.0 600 700
20110720 207.0 600 700
20110721 204.0 600 600
20110721 205.0 600 600
20110721 206.0 600 600
20110721 207.0 600 600
20110722 32.0 730 730
20110722 204.0 630 830
20110722 205.0 630 830
20110722 206.0 630 830
20110722 207.0 630 830
20110723 204.0 630 930
20110723 205.0 630 930
20110723 206.0 630 930
20110723 207.0 630 930
20110725 204.0 800 830
20110725 205.0 800 830
20110725 206.0 800 830
20110725 207.0 800 830
20110801 32.0 500 530
20110801 204.0 500 730
20110801 205.0 500 730
20110801 206.0 530 730
20110801 207.0 500 730
20110806 32.0 100 230
20110806 204.0 100 400
20110806 205.0 100 400
20110806 206.0 200 400
20110806 207.0 100 400
20110807 204.0 600 600
20110807 205.0 600 600
20110807 206.0 600 600
20110807 207.0 600 600
20110809 32.0 700 700
20110809 205.0 700 700
20110809 206.0 700 700
20110809 207.0 700 700
20110810 204.0 830 830
20110810 205.0 830 830
20110810 206.0 830 830
20110810 207.0 830 830
20110814 204.0 700 700
20110814 205.0 700 700
20110814 206.0 700 700
20110814 207.0 700 700
20110903 32.0 700 700
20110903 204.0 700 700
20110903 205.0 700 700
20110903 207.0 700 700
20110904 32.0 700 730
20110904 204.0 700 730
20110904 205.0 700 730
20110904 206.0 700 730
20110904 207.0 700 730
20110910 32.0 200 200
20110910 204.0 200 300
20110910 205.0 200 300
20110910 206.0 200 300
20110910 207.0 200 300
20110912 32.0 400 430
20110912 204.0 400 530
20110912 205.0 400 530
20110912 206.0 400 530
20110912 207.0 400 530
20110913 32.0 230 300
20110913 204.0 230 400
20110913 205.0 230 400
20110913 206.0 230 400
20110913 207.0 230 400
20110920 204.0 600 900
20110920 205.0 600 900
20110920 206.0 600 900
20110920 207.0 600 900
20110927 32.0 100 400
20110927 204.0 100 400
20110927 205.0 100 400
20110927 206.0 100 330
20110927 207.0 100 400
20110928 204.0 500 500
20110928 205.0 500 500
20110928 206.0 500 500
20110928 207.0 500 500
20110929 32.0 230 300
20110929 204.0 300 530
20110929 205.0 230 530
20110929 206.0 230 530
20110929 207.0 230 530
20111001 32.0 530 600
20111001 204.0 530 600
20111001 205.0 530 600
20111001 206.0 530 600
20111001 207.0 530 600
20111007 204.0 730 800
20111007 205.0 730 800
20111007 206.0 730 800
20111007 207.0 730 800
20111009 32.0 630 630
20111009 204.0 600 730
20111009 205.0 600 730
20111009 206.0 600 730
20111009 207.0 600 730
20111013 204.0 530 600
20111013 205.0 530 600
20111013 206.0 530 600
20111013 207.0 530 600
20111025 32.0 730 730
20111025 33.0 230 1030
20111025 204.0 230 1030
20111025 205.0 230 930
20111025 206.0 230 1030
20111025 207.0 230 1030
20111101 33.0 500 500
20111101 204.0 500 500
20111101 205.0 500 500
20111101 207.0 500 500
20120123 32.0 30 530
20120123 33.0 30 30
20120123 204.0 200 630
20120123 205.0 30 630
20120123 206.0 30 630
20120123 207.0 30 630
20120124 32.0 200 400
20120124 33.0 300 630
20120124 204.0 200 630
20120124 205.0 200 530
20120124 206.0 200 630
20120124 207.0 200 630
20120125 32.0 230 430
20120125 33.0 230 500
20120125 204.0 330 630
20120125 205.0 230 630
20120125 206.0 230 630
20120125 207.0 230 630
20120204 33.0 630 630
20120204 204.0 630 630
20120204 205.0 630 630
20120204 206.0 630 630
20120204 207.0 630 630
20120207 32.0 500 500
20120207 33.0 500 530
20120207 204.0 500 530
20120207 205.0 500 530
20120207 206.0 500 530
20120207 207.0 500 530
20120214 32.0 630 730
20120214 33.0 600 730
20120214 205.0 600 730
20120214 206.0 600 700
20120214 207.0 600 730
20120215 204.0 300 300
20120215 205.0 300 300
20120215 206.0 300 300
20120215 207.0 300 300
20120219 32.0 400 500
20120219 33.0 400 630
20120219 204.0 400 630
20120219 205.0 400 530
20120219 206.0 400 630
20120219 207.0 400 630
20120220 33.0 400 600
20120220 204.0 400 600
20120220 205.0 400 400
20120220 206.0 500 600
20120220 207.0 400 600
20120222 32.0 430 600
20120222 33.0 430 600
20120222 204.0 430 600
20120222 205.0 430 500
20120222 206.0 430 600
20120222 207.0 430 600
20120226 33.0 730 730
20120226 204.0 730 730
20120226 205.0 730 730
20120226 206.0 730 730
20120226 207.0 730 730
20120309 32.0 330 330
20120309 33.0 200 400
20120309 204.0 200 400
20120309 205.0 200 400
20120309 206.0 200 400
20120309 207.0 200 400
20120310 32.0 130 230
20120310 33.0 130 330
20120310 204.0 130 330
20120310 205.0 130 300
20120310 206.0 200 330
20120310 207.0 130 330
20120311 32.0 500 630
20120311 33.0 600 630
20120311 204.0 400 630
20120311 205.0 400 630
20120311 206.0 400 630
20120311 207.0 400 630
20120313 33.0 430 430
20120313 204.0 400 430
20120313 205.0 400 430
20120313 206.0 400 430
20120313 207.0 400 430
20120314 32.0 330 400
20120314 33.0 330 530
20120314 204.0 330 530
20120314 205.0 330 530
20120314 206.0 400 530
20120314 207.0 330 530
20120315 32.0 330 600
20120315 33.0 330 600
20120315 204.0 330 600
20120315 205.0 330 600
20120315 207.0 330 600
20120316 32.0 30 100
20120316 33.0 30 230
20120316 204.0 130 400
20120316 205.0 30 400
20120316 206.0 100 400
20120316 207.0 30 400
20120318 33.0 300 330
20120318 204.0 300 400
20120318 205.0 300 400
20120318 206.0 300 400
20120318 207.0 300 400
20120319 33.0 430 500
20120319 204.0 430 500
20120319 205.0 430 500
20120319 206.0 430 500
20120319 207.0 430 500
20120324 33.0 700 700
20120324 204.0 700 700
20120324 206.0 700 700
20120324 207.0 700 700
20120327 32.0 630 700
20120327 33.0 630 700
20120327 204.0 630 700
20120327 205.0 630 700
20120327 206.0 630 700
20120327 207.0 630 700
20120328 32.0 400 400
20120328 33.0 600 700
20120328 204.0 200 800
20120328 205.0 200 800
20120328 206.0 200 800
20120328 207.0 200 800
20120402 32.0 500 630
20120402 33.0 600 630
20120402 204.0 500 630
20120402 205.0 500 630
20120402 206.0 530 630
20120402 207.0 500 630
20120403 32.0 430 600
20120403 33.0 430 600
20120403 204.0 430 430
20120403 205.0 430 430
20120403 206.0 600 600
20120403 207.0 430 600
20120405 32.0 630 730
20120405 33.0 600 730
20120405 204.0 600 730
20120405 205.0 600 730
20120405 206.0 600 700
20120405 207.0 600 730
20120407 32.0 700 700
20120407 33.0 700 700
20120407 204.0 700 700
20120407 205.0 700 700
20120407 206.0 700 700
20120407 207.0 700 700
20120412 33.0 700 700
20120412 204.0 700 700
20120412 206.0 700 700
20120412 207.0 700 700
20120413 32.0 0 600
20120413 33.0 0 600
20120413 204.0 0 700
20120413 205.0 0 700
20120413 206.0 500 700
20120413 207.0 0 700
20120414 32.0 330 430
20120414 33.0 330 430
20120414 204.0 330 500
20120414 205.0 330 500
20120414 206.0 500 500
20120414 207.0 330 500
20120417 33.0 830 830
20120417 204.0 830 830
20120417 205.0 830 830
20120417 206.0 830 830
20120417 207.0 830 830
20120420 32.0 700 730
20120420 33.0 630 800
20120420 204.0 630 800
20120420 205.0 630 800
20120420 206.0 630 800
20120420 207.0 630 800
20120423 33.0 630 800
20120423 204.0 630 800
20120423 205.0 630 800
20120423 206.0 630 800
20120423 207.0 630 800
20120424 32.0 100 230
20120424 33.0 30 330
20120424 204.0 0 530
20120424 205.0 0 530
20120424 206.0 0 530
20120424 207.0 0 530
20120425 32.0 130 330
20120425 33.0 130 230
20120425 204.0 130 330
20120425 205.0 130 330
20120425 206.0 230 330
20120425 207.0 130 330
20120426 32.0 200 230
20120426 33.0 200 300
20120426 204.0 200 330
20120426 205.0 200 330
20120426 206.0 230 330
20120426 207.0 200 330
20120429 32.0 930 930
20120429 33.0 930 930
20120429 204.0 930 930
20120429 205.0 930 930
20120429 207.0 930 930
20120503 204.0 730 730
20120503 205.0 730 730
20120503 206.0 730 730
20120503 207.0 730 730
20120509 33.0 700 700
20120509 204.0 700 700
20120509 205.0 700 700
20120509 206.0 700 700
20120509 207.0 700 700
20120510 33.0 600 600
20120510 204.0 500 600
20120510 205.0 500 530
20120510 206.0 500 600
20120510 207.0 500 600
20120511 204.0 400 400
20120511 205.0 400 400
20120511 206.0 400 400
20120511 207.0 400 400
20120513 33.0 630 830
20120513 204.0 630 830
20120513 205.0 630 830
20120513 206.0 630 830
20120513 207.0 630 830
20120520 32.0 700 730
20120520 33.0 630 730
20120520 204.0 630 730
20120520 205.0 630 730
20120520 206.0 630 730
20120520 207.0 630 730
20120523 32.0 430 600
20120523 33.0 430 830
20120523 204.0 430 830
20120523 205.0 430 830
20120523 206.0 430 730
20120523 207.0 430 830
20120524 33.0 730 730
20120524 204.0 730 730
20120524 205.0 730 730
20120524 206.0 730 730
20120524 207.0 730 730
20120603 33.0 730 830
20120603 204.0 730 830
20120603 205.0 730 800
20120603 206.0 730 830
20120603 207.0 730 830
20120605 32.0 500 530
20120605 33.0 500 630
20120605 204.0 500 630
20120605 205.0 500 630
20120605 206.0 500 630
20120605 207.0 500 630
20120606 32.0 530 530
20120606 204.0 530 530
20120606 205.0 530 530
20120606 206.0 530 530
20120606 207.0 530 530
20120611 33.0 900 1000
20120611 204.0 900 1000
20120611 205.0 900 930
20120611 206.0 900 1000
20120611 207.0 900 1000
20120612 33.0 430 430
20120612 204.0 430 430
20120612 205.0 430 430
20120612 207.0 430 430
20120618 32.0 130 330
20120618 33.0 130 430
20120618 204.0 230 430
20120618 205.0 130 430
20120618 206.0 130 430
20120618 207.0 130 430
20120625 33.0 830 900
20120625 204.0 830 900
20120625 205.0 830 900
20120625 206.0 830 900
20120625 207.0 830 900
20120626 33.0 700 900
20120626 204.0 700 900
20120626 205.0 700 700
20120626 206.0 700 900
20120626 207.0 700 900
20120628 33.0 900 900
20120628 204.0 900 900
20120628 205.0 900 900
20120628 206.0 900 900
20120628 207.0 900 900
20120630 32.0 700 830
20120630 33.0 700 900
20120630 204.0 700 900
20120630 205.0 700 800
20120630 206.0 700 900
20120630 207.0 700 900
20120701 32.0 500 600
20120701 33.0 430 600
20120701 204.0 430 600
20120701 205.0 430 600
20120701 206.0 430 600
20120701 207.0 430 600
20120702 32.0 230 600
20120702 33.0 230 800
20120702 204.0 230 800
20120702 205.0 230 800
20120702 206.0 230 800
20120702 207.0 230 800
20120703 204.0 600 600
20120703 205.0 600 600
20120703 206.0 600 600
20120703 207.0 600 600
20120704 32.0 700 700
20120704 33.0 630 700
20120704 204.0 630 730
20120704 205.0 630 730
20120704 206.0 630 730
20120704 207.0 630 730
20120706 32.0 700 700
20120706 33.0 700 700
20120706 204.0 800 830
20120706 205.0 700 830
20120706 206.0 700 830
20120706 207.0 700 830
20120709 32.0 430 930
20120709 33.0 430 930
20120709 204.0 430 930
20120709 205.0 430 930
20120709 206.0 430 930
20120709 207.0 430 930
20120710 32.0 400 530
20120710 33.0 400 700
20120710 204.0 400 700
20120710 205.0 400 530
20120710 206.0 430 700
20120710 207.0 400 700
20120711 33.0 800 1000
20120711 204.0 800 1000
20120711 205.0 800 930
20120711 206.0 800 1000
20120711 207.0 800 1000
20120712 33.0 700 700
20120712 204.0 700 700
20120712 205.0 700 700
20120712 206.0 700 700
20120712 207.0 700 700
20120716 32.0 0 330
20120716 33.0 0 330
20120716 204.0 0 200
20120716 205.0 0 200
20120716 206.0 0 330
20120716 207.0 0 330
20120717 32.0 200 400
20120717 33.0 200 500
20120717 204.0 230 500
20120717 205.0 200 430
20120717 206.0 200 500
20120717 207.0 200 500
20120722 33.0 800 1000
20120722 204.0 800 1000
20120722 205.0 1000 1000
20120722 206.0 800 1000
20120722 207.0 800 1000
20120729 204.0 800 800
20120729 205.0 800 800
20120729 206.0 800 800
20120729 207.0 800 800
20120730 204.0 700 1000
20120730 205.0 700 1000
20120730 206.0 700 1000
20120730 207.0 700 1000
20120803 32.0 430 830
20120803 204.0 430 830
20120803 205.0 430 830
20120803 206.0 430 830
20120803 207.0 430 830
20120806 204.0 1000 1000
20120806 205.0 1000 1000
20120806 206.0 1000 1000
20120806 207.0 1000 1000
20120814 32.0 730 730
20120814 33.0 830 830
20120814 204.0 730 900
20120814 205.0 730 900
20120814 206.0 730 900
20120814 207.0 730 900
20120817 32.0 600 630
20120817 33.0 530 630
20120817 204.0 530 630
20120817 205.0 530 630
20120817 206.0 530 630
20120817 207.0 530 630
20120820 32.0 530 730
20120820 33.0 230 830
20120820 204.0 230 830
20120820 205.0 230 830
20120820 206.0 230 830
20120820 207.0 230 830
20120823 33.0 730 800
20120823 204.0 730 800
20120823 205.0 730 800
20120823 206.0 730 800
20120823 207.0 730 800
20120902 32.0 630 630
20120902 33.0 700 700
20120902 204.0 630 730
20120902 205.0 630 730
20120902 206.0 630 730
20120902 207.0 630 730
20120903 32.0 200 230
20120903 204.0 200 230
20120903 205.0 200 230
20120903 206.0 230 230
20120903 207.0 200 230
20120904 32.0 200 230
20120904 204.0 200 530
20120904 205.0 200 530
20120904 206.0 200 530
20120904 207.0 200 530
20120905 32.0 130 430
20120905 204.0 130 600
20120905 205.0 130 600
20120905 206.0 130 600
20120905 207.0 130 600
20120907 204.0 530 800
20120907 205.0 530 800
20120907 206.0 530 800
20120907 207.0 530 800
20120918 33.0 630 730
20120918 205.0 630 730
20120918 206.0 630 730
20120918 208.0 700 730
20120918 209.0 630 700
20121001 32.0 200 630
20121001 33.0 130 830
20121001 204.0 130 900
20121001 205.0 200 830
20121001 206.0 130 900
20121001 207.0 130 830
20121001 208.0 630 900
20121001 209.0 130 900
20121008 32.0 300 430
20121008 33.0 430 430
20121008 204.0 430 430
20121008 205.0 300 430
20121008 206.0 300 1000
20121008 207.0 300 1000
20121008 208.0 800 1000
20121008 209.0 400 1000
20121009 32.0 0 100
20121009 33.0 0 400
20121009 204.0 0 100
20121009 205.0 0 100
20121009 206.0 0 500
20121009 207.0 0 500
20121009 208.0 400 500
20121009 209.0 0 500
20121012 32.0 730 730
20121012 33.0 630 1130
20121012 204.0 630 1130
20121012 205.0 630 1130
20121012 206.0 630 1130
20121012 207.0 630 1130
20121013 32.0 300 330
20121013 33.0 300 500
20121013 204.0 200 500
20121013 205.0 200 430
20121013 206.0 200 500
20121013 207.0 200 500
20121014 32.0 100 100
20121014 33.0 100 300
20121014 204.0 100 330
20121014 205.0 100 330
20121014 206.0 100 330
20121014 207.0 100 330
20121014 209.0 330 330
20121015 204.0 430 430
20121015 205.0 430 430
20121015 206.0 430 430
20121015 207.0 430 430
20121017 33.0 800 830
20121017 204.0 800 830
20121017 205.0 800 830
20121017 206.0 800 830
20121017 207.0 800 830
20121017 208.0 800 800
20121017 209.0 800 800
20121023 204.0 700 700
20121023 205.0 700 700
20121023 206.0 700 700
20121023 207.0 700 700
20121023 209.0 700 700
20121101 204.0 730 900
20121101 206.0 730 900
20121101 207.0 730 730
20121101 208.0 730 900
20121101 209.0 730 900
20121114 32.0 100 500
20121114 33.0 100 530
20121114 204.0 100 530
20121114 205.0 100 530
20121114 206.0 100 600
20121114 207.0 100 600
20121114 208.0 430 600
20121114 209.0 130 600
20121120 33.0 400 400
20121120 205.0 400 400
20121120 206.0 400 400
20121120 207.0 400 400
20121121 32.0 130 300
20121121 33.0 130 300
20121121 204.0 130 300
20121121 205.0 130 300
20121121 206.0 200 300
20121121 207.0 130 300
20121124 32.0 230 400
20121124 33.0 200 1000
20121124 204.0 200 1000
20121124 205.0 230 400
20121124 206.0 200 1000
20121124 207.0 200 1000
20121124 208.0 800 1000
20121124 209.0 500 1000
20130118 32.0 300 400
20130118 33.0 300 500
20130118 204.0 300 500
20130118 205.0 400 500
20130118 206.0 300 500
20130118 207.0 300 500
20130120 32.0 700 700
20130120 33.0 500 500
20130120 204.0 400 800
20130120 205.0 400 800
20130120 206.0 400 800
20130120 207.0 400 800
20130120 208.0 500 500
20130222 33.0 630 730
20130222 204.0 600 730
20130222 205.0 600 730
20130222 206.0 600 730
20130222 207.0 600 730
20130301 32.0 400 400
20130301 33.0 400 530
20130301 204.0 300 530
20130301 205.0 300 530
20130301 206.0 300 530
20130301 207.0 300 530
20130302 32.0 100 100
20130302 33.0 100 100
20130302 204.0 100 400
20130302 205.0 100 400
20130302 206.0 300 400
20130302 207.0 100 400
20130303 32.0 400 430
20130303 33.0 400 500
20130303 204.0 400 530
20130303 205.0 400 530
20130303 206.0 430 530
20130303 207.0 400 530
20130316 32.0 530 630
20130316 33.0 500 1030
20130316 204.0 500 1030
20130316 205.0 500 900
20130316 206.0 500 1030
20130316 207.0 500 1030
20130320 33.0 630 630
20130320 204.0 630 630
20130320 205.0 630 630
20130320 206.0 630 630
20130320 207.0 630 630
20130321 32.0 300 430
20130321 33.0 400 500
20130321 204.0 400 500
20130321 205.0 300 430
20130321 206.0 300 500
20130321 207.0 300 500
20130321 209.0 400 430
20130327 32.0 700 700
20130327 33.0 700 700
20130327 204.0 700 700
20130327 205.0 700 700
20130327 206.0 700 700
20130327 207.0 700 700
20130329 33.0 630 630
20130329 204.0 630 700
20130329 205.0 630 630
20130329 206.0 630 700
20130329 207.0 630 700
20130329 208.0 700 700
20130329 209.0 630 630
20130330 32.0 130 400
20130330 33.0 100 500
20130330 204.0 100 430
20130330 205.0 100 500
20130330 206.0 100 500
20130330 207.0 100 500
20130330 209.0 330 330
20130426 32.0 430 430
20130426 33.0 230 730
20130426 204.0 230 730
20130426 205.0 230 730
20130426 206.0 230 730
20130426 207.0 230 730
20130426 208.0 630 730
20130426 209.0 530 530
20130501 32.0 700 700
20130501 33.0 700 700
20130501 206.0 700 700
20130501 207.0 700 700
20130502 32.0 130 300
20130502 33.0 130 300
20130502 206.0 130 300
20130502 207.0 130 300
20130517 32.0 630 630
20130517 33.0 700 700
20130517 204.0 630 700
20130517 206.0 630 700
20130517 207.0 630 700
20130521 33.0 730 900
20130521 204.0 730 900
20130521 206.0 730 900
20130521 207.0 730 900
20130525 32.0 600 600
20130525 33.0 600 800
20130525 204.0 600 800
20130525 205.0 600 800
20130525 206.0 600 800
20130525 207.0 600 800
20130526 32.0 230 600
20130526 33.0 230 600
20130526 204.0 230 600
20130526 205.0 230 600
20130526 206.0 300 600
20130526 207.0 230 600
20130601 33.0 530 530
20130601 204.0 530 530
20130601 205.0 530 530
20130601 206.0 530 730
20130601 207.0 530 730
20130601 208.0 530 730
20130601 209.0 530 730
20130602 32.0 200 500
20130602 33.0 330 600
20130602 204.0 200 600
20130602 205.0 330 600
20130602 206.0 200 600
20130602 207.0 200 600
20130606 33.0 930 930
20130606 204.0 930 1000
20130606 205.0 1000 1000
20130606 206.0 930 1000
20130606 207.0 930 1000
20130606 209.0 1000 1000
20130607 33.0 430 630
20130607 204.0 300 700
20130607 205.0 400 500
20130607 206.0 300 700
20130607 207.0 300 700
20130607 208.0 400 700
20130607 209.0 300 400
20130610 32.0 630 700
20130610 33.0 230 730
20130610 204.0 230 730
20130610 205.0 230 730
20130610 206.0 630 730
20130610 207.0 230 730
20130610 209.0 730 730
20130621 32.0 430 500
20130621 33.0 430 830
20130621 204.0 430 900
20130621 205.0 430 900
20130621 206.0 430 900
20130621 207.0 430 900
20130622 32.0 600 600
20130622 33.0 600 830
20130622 204.0 600 830
20130622 205.0 600 830
20130622 206.0 600 830
20130622 207.0 600 830
20130624 32.0 700 700
20130624 33.0 700 700
20130624 204.0 700 900
20130624 205.0 700 700
20130624 206.0 700 900
20130624 207.0 700 900
20130624 208.0 900 900
20130624 209.0 900 900
20130629 32.0 30 330
20130629 33.0 30 500
20130629 204.0 30 500
20130629 205.0 30 730
20130629 206.0 30 800
20130629 207.0 30 800
20130629 208.0 330 800
20130629 209.0 100 800
20130630 32.0 400 500
20130630 33.0 230 530
20130630 204.0 400 530
20130630 205.0 230 530
20130630 206.0 230 530
20130630 207.0 230 530
20130701 204.0 930 930
20130701 205.0 930 930
20130701 206.0 930 930
20130701 207.0 930 930
20130701 209.0 930 930
20130707 32.0 30 30
20130707 33.0 30 30
20130707 206.0 30 30
20130707 207.0 30 30
20130710 32.0 730 800
20130710 33.0 730 1000
20130710 204.0 730 1000
20130710 205.0 730 830
20130710 206.0 730 1000
20130710 207.0 730 1000
20130710 208.0 1000 1000
20130710 209.0 1000 1000
20130711 32.0 330 430
20130711 204.0 330 500
20130711 205.0 330 500
20130711 206.0 400 500
20130711 207.0 330 500
20130712 32.0 430 500
20130712 33.0 400 700
20130712 204.0 400 700
20130712 205.0 400 700
20130712 206.0 400 700
20130712 207.0 400 700
20130715 32.0 300 530
20130715 33.0 300 530
20130715 206.0 300 530
20130715 207.0 300 530
20130805 32.0 800 800
20130805 33.0 700 830
20130805 204.0 700 930
20130805 205.0 700 930
20130805 206.0 700 830
20130805 207.0 700 930
20130805 208.0 700 930
20130805 209.0 700 930
20130816 32.0 430 530
20130816 33.0 430 530
20130816 206.0 430 530
20130816 207.0 430 530
20130823 33.0 730 730
20130823 206.0 730 730
20130823 207.0 730 730
20130823 208.0 730 730
20130828 32.0 230 400
20130828 33.0 230 400
20130828 206.0 230 400
20130828 207.0 230 400
20130919 32.0 630 700
20130919 33.0 630 700
20130919 206.0 630 700
20130919 207.0 630 700
20130919 209.0 700 700
20131002 32.0 330 900
20131002 33.0 330 1000
20131002 206.0 330 1000
20131002 207.0 330 1000
20131002 208.0 530 1000
20131002 209.0 330 1000
20131007 33.0 630 630
20131007 204.0 630 630
20131007 205.0 630 630
20131007 206.0 630 630
20131007 207.0 630 630
20131009 32.0 430 430
20131009 33.0 430 1000
20131009 204.0 500 1000
20131009 205.0 530 630
20131009 206.0 430 1000
20131009 207.0 430 1000
20131009 208.0 630 730
20131009 209.0 530 730
20131015 32.0 200 700
20131015 33.0 200 800
20131015 204.0 230 800
20131015 205.0 200 800
20131015 206.0 230 800
20131015 207.0 200 800
20131015 208.0 400 800
20131015 209.0 200 800
20131109 33.0 430 530
20131109 204.0 430 530
20131109 205.0 430 430
20131109 206.0 430 530
20131109 207.0 430 530
20131109 209.0 530 530
20131111 32.0 300 330
20131111 33.0 300 500
20131111 204.0 300 530
20131111 205.0 300 500
20131111 206.0 330 530
20131111 207.0 300 530
20131111 208.0 400 400
20131111 209.0 400 530
20131115 33.0 500 500
20131115 204.0 500 500
20131115 205.0 500 500
20131115 206.0 500 500
20131115 207.0 500 500
20131116 32.0 100 400
20131116 33.0 100 400
20131116 204.0 300 400
20131116 205.0 100 400
20131116 206.0 400 400
20131116 207.0 100 400
20131201 33.0 330 330
20131201 205.0 330 330
20131201 206.0 330 330
20131201 207.0 330 330
20131208 33.0 230 1000
20131208 204.0 230 1000
20131208 205.0 230 330
20131208 206.0 300 1000
20131208 207.0 230 1000
20131208 208.0 900 1000
20131208 209.0 300 1000
20131214 32.0 430 430
20131214 33.0 430 430
20131214 206.0 430 430
20131214 207.0 430 430
20140206 33.0 700 700
20140206 204.0 700 700
20140206 205.0 700 700
20140206 206.0 700 700
20140206 207.0 700 700
20140209 32.0 300 300
20140209 33.0 300 600
20140209 204.0 300 730
20140209 205.0 300 600
20140209 206.0 330 730
20140209 207.0 330 730
20140209 208.0 600 730
20140209 209.0 630 700
20140210 204.0 800 800
20140210 206.0 730 800
20140210 207.0 730 800
20140210 208.0 730 800
20140210 209.0 730 800
20140219 32.0 300 400
20140219 33.0 300 1000
20140219 204.0 300 1100
20140219 205.0 300 1000
20140219 206.0 300 1100
20140219 207.0 300 1030
20140219 208.0 500 1100
20140219 209.0 330 1100
20140220 33.0 430 930
20140220 204.0 430 930
20140220 205.0 430 930
20140220 206.0 430 930
20140220 207.0 430 930
20140220 208.0 500 930
20140220 209.0 500 930
20140222 32.0 230 330
20140222 33.0 230 430
20140222 204.0 230 700
20140222 205.0 230 700
20140222 206.0 300 700
20140222 207.0 230 700
20140222 208.0 230 400
20140222 209.0 230 700
20140303 33.0 800 800
20140303 204.0 800 800
20140303 205.0 800 800
20140303 207.0 800 800
20140303 209.0 800 800
20140321 33.0 430 900
20140321 204.0 430 900
20140321 205.0 430 800
20140321 206.0 630 1200
20140321 207.0 430 1200
20140321 208.0 630 1200
20140321 209.0 630 1200
20140326 33.0 800 830
20140326 204.0 800 830
20140326 205.0 800 830
20140326 206.0 800 830
20140326 207.0 800 830
20140327 33.0 1030 1030
20140327 204.0 1130 1130
20140327 206.0 1030 1130
20140327 207.0 1130 1130
20140327 208.0 1030 1130
20140327 209.0 1030 1130
20140414 33.0 730 730
20140414 204.0 730 730
20140414 206.0 730 730
20140414 207.0 730 730
20140430 33.0 630 630
20140430 206.0 630 630
20140430 207.0 630 630
20140430 208.0 630 630
20140430 209.0 630 630
20140504 33.0 930 1030
20140504 206.0 930 1030
20140504 207.0 930 1030
20140504 208.0 1030 1030
20140504 209.0 930 1030
20140505 32.0 730 800
20140505 33.0 700 800
20140505 206.0 700 800
20140505 207.0 700 800
20140505 208.0 730 730
20140505 209.0 700 700
20140510 33.0 830 830
20140510 206.0 830 830
20140510 207.0 830 830
20140510 208.0 830 830
20140608 33.0 600 730
20140608 204.0 600 730
20140608 205.0 600 600
20140608 206.0 600 730
20140608 207.0 600 730
20140608 209.0 600 730
20140609 32.0 730 730
20140609 204.0 730 730
20140609 205.0 730 730
20140609 206.0 730 730
20140609 207.0 730 730
20140621 32.0 730 730
20140621 33.0 730 730
20140621 206.0 730 730
20140621 207.0 730 730
20140703 33.0 730 730
20140703 206.0 730 730
20140703 207.0 730 730
20140703 209.0 730 730
20140710 32.0 300 430
20140710 33.0 300 930
20140710 204.0 300 930
20140710 205.0 300 930
20140710 206.0 930 930
20140710 207.0 300 930
20140726 32.0 700 700
20140726 33.0 630 800
20140726 204.0 630 800
20140726 205.0 630 800
20140726 206.0 630 800
20140726 207.0 630 800
20140726 209.0 800 800
20140728 33.0 630 700
20140728 204.0 630 700
20140728 205.0 630 700
20140728 206.0 630 700
20140728 207.0 630 700
20140802 33.0 800 800
20140802 204.0 800 800
20140802 205.0 800 800
20140802 206.0 800 800
20140802 207.0 800 800
20140804 33.0 930 1000
20140804 204.0 630 1000
20140804 205.0 630 1000
20140804 206.0 630 930
20140804 207.0 630 930
20140804 208.0 930 1000
20140804 209.0 930 1000
20140805 32.0 730 730
20140805 33.0 630 800
20140805 204.0 630 800
20140805 205.0 630 800
20140805 206.0 630 800
20140805 207.0 630 800
20140806 32.0 600 600
20140806 33.0 500 700
20140806 204.0 500 700
20140806 205.0 500 700
20140806 206.0 500 700
20140806 207.0 500 700
20140901 33.0 630 630
20140901 204.0 630 700
20140901 206.0 630 700
20140901 207.0 630 700
20140901 208.0 700 700
20140901 209.0 700 700
20140902 33.0 700 700
20140902 205.0 700 700
20140902 206.0 700 700
20140902 207.0 700 700
20140903 32.0 530 700
20140903 33.0 300 900
20140903 204.0 300 1000
20140903 205.0 300 800
20140903 206.0 530 1000
20140903 207.0 300 1000
20140903 208.0 730 1000
20140903 209.0 700 1000
20140905 33.0 830 900
20140905 204.0 830 900
20140905 205.0 830 900
20140905 206.0 830 900
20140905 207.0 830 900
20140905 209.0 900 900
20140906 204.0 730 730
20140906 206.0 730 730
20140906 207.0 730 730
20140906 208.0 730 730
20140906 209.0 730 730
20140907 32.0 430 630
20140907 33.0 430 630
20140907 204.0 430 630
20140907 205.0 430 630
20140907 206.0 530 630
20140907 207.0 500 630
20140911 204.0 1000 1100
20140911 205.0 1100 1100
20140911 206.0 1000 1100
20140911 207.0 1000 1100
20140911 208.0 1100 1100
20140911 209.0 1000 1100
20140912 32.0 230 530
20140912 204.0 200 530
20140912 205.0 200 530
20140912 206.0 200 530
20140912 207.0 200 530
20140912 209.0 430 430
20140913 32.0 400 430
20140913 33.0 400 430
20140913 204.0 400 430
20140913 205.0 400 430
20140913 206.0 400 430
20140913 207.0 400 430
20140919 204.0 530 530
20140919 205.0 530 530
20140919 206.0 530 530
20140919 207.0 530 530
20140921 32.0 630 700
20140921 33.0 530 700
20140921 204.0 700 700
20140921 205.0 530 700
20140921 206.0 530 700
20140921 207.0 530 700
20140924 32.0 300 600
20140924 33.0 300 630
20140924 204.0 300 630
20140924 205.0 400 630
20140924 206.0 300 630
20140924 207.0 300 630
20140924 209.0 300 630
20141001 32.0 730 730
20141001 33.0 30 800
20141001 204.0 30 800
20141001 205.0 30 800
20141001 206.0 600 800
20141001 207.0 30 800
20141001 208.0 630 800
20141001 209.0 600 730
20141009 33.0 730 1000
20141009 204.0 730 1130
20141009 205.0 730 730
20141009 206.0 730 1130
20141009 207.0 730 930
20141009 208.0 730 1130
20141009 209.0 730 1130
20141011 33.0 630 830
20141011 204.0 630 830
20141011 205.0 630 830
20141011 206.0 630 800
20141011 207.0 630 830
20141011 208.0 730 800
20141011 209.0 700 730
20141015 32.0 300 300
20141015 33.0 300 300
20141015 205.0 300 300
20141015 207.0 300 300
20141017 32.0 930 930
20141017 33.0 500 930
20141017 204.0 500 930
20141017 205.0 500 930
20141017 206.0 500 930
20141017 207.0 500 930
20141018 32.0 430 430
20141018 33.0 430 630
20141018 204.0 430 700
20141018 205.0 430 630
20141018 206.0 430 700
20141018 207.0 430 700
20141018 209.0 700 700
20141105 32.0 500 500
20141105 33.0 430 430
20141105 204.0 430 530
20141105 205.0 430 500
20141105 206.0 500 530
20141105 207.0 430 530
20141105 209.0 500 530
20141115 33.0 530 630
20141115 204.0 530 630
20141115 205.0 530 530
20141115 206.0 530 630
20141115 207.0 530 630
20141115 209.0 530 600
20141116 32.0 300 300
20141116 33.0 300 400
20141116 204.0 300 730
20141116 205.0 300 400
20141116 206.0 300 730
20141116 207.0 300 730
20141116 208.0 500 730
20141116 209.0 600 730
